symbol,strategy_name,trades,profitable_trades,loss_trades,sharpe_ratio,average_profit,average_trade_days,average_percent_profit,median_percent_profit,percent_wins,last_sale_date,last_sell_date_diff,table_name,trades_buy_dates,trades_sell_dates,trades_days,trades_profit,trades_percent,last_update
VRTX,ALGO_ADX_28,7,6,1,0.6883,6.3717,1.7143,1.7056,0.7156127434115472,0.8571428571428571,2024-01-30 16:00:00+00:00,5,ADX_28_P.5_L.5_AV_1H_STOCK_RESULTS,"[2023-12-11T20:00:00+00:00, 2023-12-12T17:00:00+00:00, 2023-12-12T19:00:00+00:00, 2023-12-13T16:00:00+00:00, 2023-12-13T18:00:00+00:00, 2024-01-29T19:00:00+00:00, 2024-01-29T21:00:00+00:00, 2024-01-30T17:00:00+00:00]","[2023-12-12T16:00:00+00:00, 2023-12-12T18:00:00+00:00, 2023-12-13T15:00:00+00:00, 2023-12-13T17:00:00+00:00, 2023-12-13T19:00:00+00:00, 2024-01-29T20:00:00+00:00, 2024-01-30T16:00:00+00:00]","[3.0, 1.0, 3.0, 1.0, 1.0, 1.0, 2.0]","[-0.07999999999998408, 1.5980000000000132, 27.30400000000003, 5.452000000000055, 4.77800000000002, 2.430000000000007, 3.1200000000000045]","[-0.022452358900952565, 0.4487755560548229, 7.631505394376442, 1.3952012447283442, 1.2071234939378601, 0.5634782608695668, 0.7156127434115472]",2024-01-30 17:46:16
TRNS,ALGO_ADX_28,13,12,1,0.9362,0.7909,1.9231,0.7919,0.7654903471185804,0.9230769230769231,2024-01-30 16:00:00+00:00,5,ADX_28_P.5_L.5_AV_1H_STOCK_RESULTS,"[2023-12-12T19:00:00+00:00, 2023-12-12T21:00:00+00:00, 2023-12-13T17:00:00+00:00, 2023-12-13T21:00:00+00:00, 2023-12-14T17:00:00+00:00, 2023-12-14T20:00:00+00:00, 2024-01-25T16:00:00+00:00, 2024-01-25T19:00:00+00:00, 2024-01-26T18:00:00+00:00, 2024-01-26T21:00:00+00:00, 2024-01-29T17:00:00+00:00, 2024-01-29T20:00:00+00:00, 2024-01-30T15:00:00+00:00, 2024-01-30T17:00:00+00:00]","[2023-12-12T20:00:00+00:00, 2023-12-13T16:00:00+00:00, 2023-12-13T20:00:00+00:00, 2023-12-14T16:00:00+00:00, 2023-12-14T19:00:00+00:00, 2023-12-14T21:00:00+00:00, 2024-01-25T18:00:00+00:00, 2024-01-26T17:00:00+00:00, 2024-01-26T20:00:00+00:00, 2024-01-29T16:00:00+00:00, 2024-01-29T19:00:00+00:00, 2024-01-29T21:00:00+00:00, 2024-01-30T16:00:00+00:00]","[1.0, 2.0, 3.0, 2.0, 2.0, 1.0, 2.0, 4.0, 2.0, 2.0, 2.0, 1.0, 1.0]","[1.2950000000000017, 0.3999999999999915, 2.280000000000001, 1.730000000000004, 0.6400000000000006, 0.7950000000000017, 0.09000000000000341, 1.2000000000000028, -1.2680000000000007, 0.5499999999999972, 1.2800000000000011, 0.8099999999999881, 0.480000000000004]","[1.3335392853465162, 0.40436716538616196, 2.3053589484327617, 1.716610438579087, 0.6204556471158512, 0.7654903471185804, 0.09118541033434996, 1.222493887530565, -1.2777106005642893, 0.5616830065359447, 1.2886338467733829, 0.8007909045971212, 0.4619382157636454]",2024-01-30 17:41:54
DJUL,ALGO_ADX_28,7,7,0,5.3944,0.2274,8.0000,0.6232,0.607064017660041,1.0,2024-01-24 16:00:00+00:00,11,ADX_28_P.5_L.5_AV_1H_STOCK_RESULTS,"[2024-01-05T16:00:00+00:00, 2024-01-09T15:00:00+00:00, 2024-01-11T17:00:00+00:00, 2024-01-17T19:00:00+00:00, 2024-01-18T17:00:00+00:00, 2024-01-19T17:00:00+00:00, 2024-01-19T21:00:00+00:00]","[2024-01-08T21:00:00+00:00, 2024-01-10T20:00:00+00:00, 2024-01-11T21:00:00+00:00, 2024-01-18T16:00:00+00:00, 2024-01-19T16:00:00+00:00, 2024-01-19T20:00:00+00:00, 2024-01-24T16:00:00+00:00]","[11.0, 12.0, 4.0, 4.0, 6.0, 3.0, 16.0]","[0.21999999999999886, 0.25500000000000256, 0.16499999999999915, 0.19500000000000028, 0.2920000000000016, 0.19999999999999574, 0.26500000000000057]","[0.607064017660041, 0.7011273027220307, 0.45335897788157475, 0.5370421371523003, 0.8013172338090055, 0.5448106782892828, 0.7179626117583326]",2024-01-30 16:56:29
STRL,ALGO_ADX_28,11,10,1,1.12,0.4518,1.2727,0.6149,0.512483574244416,0.9090909090909091,2024-01-30 17:00:00+00:00,5,ADX_28_P.5_L.5_AV_1H_STOCK_RESULTS,"[2023-12-12T15:00:00+00:00, 2023-12-12T17:00:00+00:00, 2023-12-12T20:00:00+00:00, 2023-12-13T15:00:00+00:00, 2023-12-13T17:00:00+00:00, 2024-01-26T19:00:00+00:00, 2024-01-29T15:00:00+00:00, 2024-01-29T17:00:00+00:00, 2024-01-29T19:00:00+00:00, 2024-01-29T21:00:00+00:00, 2024-01-30T16:00:00+00:00]","[2023-12-12T16:00:00+00:00, 2023-12-12T19:00:00+00:00, 2023-12-12T21:00:00+00:00, 2023-12-13T16:00:00+00:00, 2023-12-13T19:00:00+00:00, 2024-01-26T21:00:00+00:00, 2024-01-29T16:00:00+00:00, 2024-01-29T18:00:00+00:00, 2024-01-29T20:00:00+00:00, 2024-01-30T15:00:00+00:00, 2024-01-30T17:00:00+00:00]","[1.0, 2.0, 1.0, 1.0, 2.0, 2.0, 1.0, 1.0, 1.0, 1.0, 1.0]","[0.9200000000000017, 1.0, 0.21999999999999886, 1.0999999999999943, -0.269999999999996, 0.4099999999999966, 0.4000000000000057, 0.3400000000000034, 0.39000000000000057, 0.14000000000000057, 0.3199999999999932]","[1.2987012987013011, 1.3856172925038104, 0.30048487331830753, 1.498229365295552, -0.3628056973931685, 0.5487152034261197, 0.5318441696582977, 0.4503311258278191, 0.512483574244416, 0.18165304268846577, 0.41841004184099523]",2024-01-30 17:39:07
EDIV,ALGO_ADX_28,7,6,1,0.9582,0.1929,4.5714,0.6073,0.3796267004112654,0.8571428571428571,2024-01-25 16:00:00+00:00,10,ADX_28_P.5_L.5_AV_1H_STOCK_RESULTS,"[2023-12-21T21:00:00+00:00, 2023-12-22T17:00:00+00:00, 2023-12-26T17:00:00+00:00, 2023-12-27T19:00:00+00:00, 2024-01-23T15:00:00+00:00, 2024-01-23T21:00:00+00:00, 2024-01-24T17:00:00+00:00]","[2023-12-22T16:00:00+00:00, 2023-12-26T16:00:00+00:00, 2023-12-27T18:00:00+00:00, 2023-12-28T15:00:00+00:00, 2024-01-23T20:00:00+00:00, 2024-01-24T16:00:00+00:00, 2024-01-25T16:00:00+00:00]","[2.0, 6.0, 8.0, 3.0, 5.0, 2.0, 6.0]","[0.120000000000001, 0.33999999999999986, 0.07499999999999929, 0.259999999999998, -0.10499999999999687, 0.5499999999999972, 0.10999999999999943]","[0.3796267004112654, 1.072893657305143, 0.23481527864746177, 0.8107265357031431, -0.3317535545023598, 1.7421602787456354, 0.3424657534246558]",2024-01-30 16:58:17
EFA,ALGO_ADX_28,9,8,1,1.1675,0.4172,5.7778,0.5630,0.4607679465776279,0.8888888888888888,2024-01-29 21:00:00+00:00,6,ADX_28_P.5_L.5_AV_1H_STOCK_RESULTS,"[2023-12-12T15:00:00+00:00, 2023-12-13T16:00:00+00:00, 2023-12-13T21:00:00+00:00, 2023-12-21T20:00:00+00:00, 2023-12-22T17:00:00+00:00, 2023-12-26T16:00:00+00:00, 2024-01-24T15:00:00+00:00, 2024-01-25T16:00:00+00:00, 2024-01-26T16:00:00+00:00, 2024-01-30T15:00:00+00:00]","[2023-12-13T15:00:00+00:00, 2023-12-13T20:00:00+00:00, 2023-12-14T16:00:00+00:00, 2023-12-22T16:00:00+00:00, 2023-12-26T15:00:00+00:00, 2023-12-27T15:00:00+00:00, 2024-01-25T15:00:00+00:00, 2024-01-26T15:00:00+00:00, 2024-01-29T21:00:00+00:00]","[7.0, 4.0, 2.0, 3.0, 5.0, 6.0, 7.0, 6.0, 12.0]","[0.29999999999999716, 1.0999999999999943, 0.5550000000000068, 0.37999999999999545, 0.06999999999999318, 0.34499999999999886, -0.125, 0.8100000000000023, 0.3199999999999932]","[0.4103405826836235, 1.4985355221033911, 0.74476650563608, 0.5108213469552298, 0.09360791655521955, 0.4607679465776279, -0.16712347082024198, 1.0892953200645539, 0.42570174271650013]",2024-01-30 16:58:21
MOHR,ALGO_ADX_28,8,7,1,0.782,0.1099,5.0000,0.5480,0.7070388500995837,0.875,2024-01-26 16:00:00+00:00,9,ADX_28_P.5_L.5_AV_1H_STOCK_RESULTS,"[2024-01-11T18:00:00+00:00, 2024-01-12T17:00:00+00:00, 2024-01-17T20:00:00+00:00, 2024-01-18T18:00:00+00:00, 2024-01-19T16:00:00+00:00, 2024-01-19T20:00:00+00:00, 2024-01-24T21:00:00+00:00, 2024-01-25T19:00:00+00:00]","[2024-01-12T16:00:00+00:00, 2024-01-17T19:00:00+00:00, 2024-01-18T17:00:00+00:00, 2024-01-18T21:00:00+00:00, 2024-01-19T19:00:00+00:00, 2024-01-24T20:00:00+00:00, 2024-01-25T16:00:00+00:00, 2024-01-26T16:00:00+00:00]","[5.0, 11.0, 3.0, 3.0, 2.0, 10.0, 2.0, 4.0]","[0.0799999999999983, -0.23000000000000043, 0.11999999999999744, 0.20500000000000185, 0.21000000000000085, 0.1620000000000026, 0.21000000000000085, 0.12199999999999989]","[0.40444893832152823, -1.1586901763224202, 0.6116207951070205, 1.041666666666676, 1.0526315789473728, 0.8024569050921467, 1.033464566929138, 0.5963437286147223]",2024-01-30 17:21:06
PRK,ALGO_ADX_28,13,12,1,1.0853,0.7123,2.2308,0.5396,0.5499121668066898,0.9230769230769231,2024-01-29 21:00:00+00:00,6,ADX_28_P.5_L.5_AV_1H_STOCK_RESULTS,"[2024-01-19T19:00:00+00:00, 2024-01-22T15:00:00+00:00, 2024-01-22T18:00:00+00:00, 2024-01-23T17:00:00+00:00, 2024-01-23T19:00:00+00:00, 2024-01-23T21:00:00+00:00, 2024-01-24T17:00:00+00:00, 2024-01-25T16:00:00+00:00, 2024-01-25T18:00:00+00:00, 2024-01-25T21:00:00+00:00, 2024-01-29T15:00:00+00:00, 2024-01-29T17:00:00+00:00, 2024-01-29T20:00:00+00:00, 2024-01-30T15:00:00+00:00]","[2024-01-19T21:00:00+00:00, 2024-01-22T17:00:00+00:00, 2024-01-22T21:00:00+00:00, 2024-01-23T18:00:00+00:00, 2024-01-23T20:00:00+00:00, 2024-01-24T16:00:00+00:00, 2024-01-25T15:00:00+00:00, 2024-01-25T17:00:00+00:00, 2024-01-25T20:00:00+00:00, 2024-01-26T21:00:00+00:00, 2024-01-29T16:00:00+00:00, 2024-01-29T19:00:00+00:00, 2024-01-29T21:00:00+00:00]","[2.0, 2.0, 3.0, 1.0, 1.0, 2.0, 5.0, 1.0, 2.0, 6.0, 1.0, 2.0, 1.0]","[1.3400000000000034, 0.14999999999997726, 0.7099999999999795, 1.210000000000008, 0.9050000000000011, 0.7599999999999909, 0.2650000000000148, -0.7199999999999989, 0.7199999999999989, 1.5699999999999932, 0.009999999999990905, 0.710000000000008, 1.6299999999999955]","[1.0413428660242487, 0.11297732921592019, 0.5355257203197915, 0.9307692307692369, 0.6863860447478204, 0.5793124475950842, 0.2009859689040689, -0.5511750746382905, 0.5499121668066898, 1.1807174550650472, 0.007490636704113038, 0.5321939884566435, 1.207765263781858]",2024-01-30 17:29:13
WMT,ALGO_ADX_28,14,13,1,1.17,0.8300,5.1429,0.5324,0.4630287924165914,0.9285714285714286,2024-01-16 16:00:00+00:00,19,ADX_28_P.5_L.5_AV_1H_STOCK_RESULTS,"[2023-12-14T17:00:00+00:00, 2023-12-14T19:00:00+00:00, 2023-12-18T15:00:00+00:00, 2023-12-18T18:00:00+00:00, 2023-12-19T15:00:00+00:00, 2023-12-19T17:00:00+00:00, 2023-12-20T15:00:00+00:00, 2023-12-20T21:00:00+00:00, 2023-12-21T17:00:00+00:00, 2023-12-22T17:00:00+00:00, 2024-01-08T19:00:00+00:00, 2024-01-09T15:00:00+00:00, 2024-01-09T21:00:00+00:00, 2024-01-10T17:00:00+00:00]","[2023-12-14T18:00:00+00:00, 2023-12-15T21:00:00+00:00, 2023-12-18T17:00:00+00:00, 2023-12-18T21:00:00+00:00, 2023-12-19T16:00:00+00:00, 2023-12-19T21:00:00+00:00, 2023-12-20T17:00:00+00:00, 2023-12-21T16:00:00+00:00, 2023-12-22T16:00:00+00:00, 2023-12-27T16:00:00+00:00, 2024-01-08T21:00:00+00:00, 2024-01-09T20:00:00+00:00, 2024-01-10T16:00:00+00:00, 2024-01-16T16:00:00+00:00]","[1.0, 9.0, 2.0, 3.0, 1.0, 4.0, 2.0, 2.0, 6.0, 13.0, 2.0, 5.0, 2.0, 20.0]","[0.5999999999999943, 0.6700000000000159, 0.28999999999999204, 0.5550000000000068, 0.5, 0.8400000000000034, -0.710000000000008, 1.2700000000000102, 2.5049999999999955, 0.8100000000000023, 0.7649999999999864, 0.6550000000000011, 1.4099999999999966, 1.4599999999999795]","[0.39408866995073516, 0.440297036209513, 0.18825056799739825, 0.35942104070200875, 0.32429627707873915, 0.5426707151624804, -0.45547857326148833, 0.8261774655217345, 1.6235660120552178, 0.5168453292496186, 0.4857605486236698, 0.41421615126794487, 0.8851224105461372, 0.9081296261740247]",2024-01-30 17:47:40
QMOM,ALGO_ADX_28,10,9,1,0.9675,0.2357,4.2000,0.4647,0.4739614282165579,0.9,2024-01-29 21:00:00+00:00,6,ADX_28_P.5_L.5_AV_1H_STOCK_RESULTS,"[2024-01-09T17:00:00+00:00, 2024-01-10T17:00:00+00:00, 2024-01-10T21:00:00+00:00, 2024-01-12T16:00:00+00:00, 2024-01-16T16:00:00+00:00, 2024-01-17T17:00:00+00:00, 2024-01-18T19:00:00+00:00, 2024-01-19T15:00:00+00:00, 2024-01-26T21:00:00+00:00, 2024-01-29T17:00:00+00:00, 2024-01-30T15:00:00+00:00]","[2024-01-10T16:00:00+00:00, 2024-01-10T20:00:00+00:00, 2024-01-11T21:00:00+00:00, 2024-01-16T15:00:00+00:00, 2024-01-17T16:00:00+00:00, 2024-01-18T16:00:00+00:00, 2024-01-18T21:00:00+00:00, 2024-01-19T17:00:00+00:00, 2024-01-29T16:00:00+00:00, 2024-01-29T21:00:00+00:00]","[6.0, 3.0, 5.0, 5.0, 7.0, 6.0, 2.0, 2.0, 2.0, 4.0]","[0.35599999999999454, 0.14499999999999602, 0.44299999999999784, 0.020000000000003126, -0.25499999999999545, 0.490000000000002, 0.2629999999999981, 0.08899999999999864, 0.22100000000000364, 0.5850000000000009]","[0.715376577445532, 0.2893345305796588, 0.8810660302307036, 0.03970617431011143, -0.5047006432459089, 0.9762900976290136, 0.5195369602149227, 0.1751003383961569, 0.4283858962181931, 1.1264080100125173]",2024-01-30 17:30:46
PSEP,ALGO_ADX_28,7,6,1,1.1589,0.1567,10.8571,0.4525,0.5712142630470542,0.8571428571428571,2024-01-24 16:00:00+00:00,11,ADX_28_P.5_L.5_AV_1H_STOCK_RESULTS,"[2023-12-12T21:00:00+00:00, 2024-01-05T20:00:00+00:00, 2024-01-08T18:00:00+00:00, 2024-01-10T21:00:00+00:00, 2024-01-17T17:00:00+00:00, 2024-01-18T21:00:00+00:00, 2024-01-19T21:00:00+00:00]","[2023-12-13T20:00:00+00:00, 2024-01-08T17:00:00+00:00, 2024-01-10T20:00:00+00:00, 2024-01-17T16:00:00+00:00, 2024-01-18T20:00:00+00:00, 2024-01-19T20:00:00+00:00, 2024-01-24T16:00:00+00:00]","[5.0, 4.0, 16.0, 22.0, 10.0, 4.0, 15.0]","[0.22000000000000597, 0.17499999999999716, 0.19599999999999795, -0.16199999999999903, 0.1980000000000004, 0.240000000000002, 0.22999999999999687]","[0.6440281030445141, 0.5079825834542733, 0.5654281098545982, -0.46482267875587924, 0.5712142630470542, 0.6884681583476822, 0.6554573952692986]",2024-01-30 17:29:29
DGRO,ALGO_ADX_28,10,9,1,1.0346,0.2362,6.1000,0.4419,0.379800897408339,0.9,2024-01-26 15:00:00+00:00,9,ADX_28_P.5_L.5_AV_1H_STOCK_RESULTS,"[2023-12-11T20:00:00+00:00, 2023-12-12T16:00:00+00:00, 2023-12-26T15:00:00+00:00, 2023-12-27T16:00:00+00:00, 2024-01-18T15:00:00+00:00, 2024-01-19T15:00:00+00:00, 2024-01-19T20:00:00+00:00, 2024-01-22T16:00:00+00:00, 2024-01-23T16:00:00+00:00, 2024-01-25T19:00:00+00:00, 2024-01-26T16:00:00+00:00]","[2023-12-12T15:00:00+00:00, 2023-12-13T20:00:00+00:00, 2023-12-27T15:00:00+00:00, 2023-12-29T15:00:00+00:00, 2024-01-18T21:00:00+00:00, 2024-01-19T19:00:00+00:00, 2024-01-22T15:00:00+00:00, 2024-01-23T15:00:00+00:00, 2024-01-24T16:00:00+00:00, 2024-01-26T15:00:00+00:00]","[2.0, 11.0, 7.0, 13.0, 6.0, 4.0, 2.0, 6.0, 7.0, 3.0]","[-0.04999999999999716, 0.7830000000000013, 0.17599999999999483, 0.09100000000000108, 0.32500000000000284, 0.3499999999999943, 0.1600000000000037, 0.03200000000000358, 0.2600000000000051, 0.23499999999999943]","[-0.09529254812273139, 1.4895276504270765, 0.3282112486946047, 0.16917957203145825, 0.6099277470207429, 0.6517690875232668, 0.2956939567547656, 0.05900248916751835, 0.4797933198007107, 0.43139054612207334]",2024-01-30 16:56:21
VSMV,ALGO_ADX_28,8,7,1,1.0095,0.1850,7.2500,0.4374,0.5859703099949838,0.875,2024-01-29 21:00:00+00:00,6,ADX_28_P.5_L.5_AV_1H_STOCK_RESULTS,"[2024-01-05T19:00:00+00:00, 2024-01-09T15:00:00+00:00, 2024-01-11T16:00:00+00:00, 2024-01-12T21:00:00+00:00, 2024-01-16T21:00:00+00:00, 2024-01-19T16:00:00+00:00, 2024-01-22T21:00:00+00:00, 2024-01-24T18:00:00+00:00]","[2024-01-08T21:00:00+00:00, 2024-01-10T21:00:00+00:00, 2024-01-12T17:00:00+00:00, 2024-01-16T20:00:00+00:00, 2024-01-18T21:00:00+00:00, 2024-01-22T17:00:00+00:00, 2024-01-24T17:00:00+00:00, 2024-01-29T21:00:00+00:00]","[5.0, 7.0, 5.0, 3.0, 10.0, 7.0, 7.0, 14.0]","[0.3340000000000032, 0.16199999999999903, 0.24600000000000222, -0.2700000000000031, 0.25, 0.277000000000001, 0.2510000000000048, 0.23000000000000398]","[0.7968317587556142, 0.38507249821725464, 0.584531305690869, -0.6370929683813192, 0.5934013766911939, 0.6529938708156554, 0.5874093142990985, 0.5361305361305455]",2024-01-30 17:46:14
NIE,ALGO_ADX_28,14,12,2,0.9067,0.0878,4.7857,0.4221,0.43211747986736104,0.8571428571428571,2024-01-22 21:00:00+00:00,13,ADX_28_P.5_L.5_AV_1H_STOCK_RESULTS,"[2023-12-12T19:00:00+00:00, 2023-12-13T21:00:00+00:00, 2023-12-14T17:00:00+00:00, 2023-12-14T20:00:00+00:00, 2024-01-05T20:00:00+00:00, 2024-01-08T17:00:00+00:00, 2024-01-08T21:00:00+00:00, 2024-01-09T21:00:00+00:00, 2024-01-10T17:00:00+00:00, 2024-01-12T21:00:00+00:00, 2024-01-16T21:00:00+00:00, 2024-01-17T16:00:00+00:00, 2024-01-18T17:00:00+00:00, 2024-01-19T21:00:00+00:00]","[2023-12-13T20:00:00+00:00, 2023-12-14T16:00:00+00:00, 2023-12-14T19:00:00+00:00, 2023-12-15T15:00:00+00:00, 2024-01-08T16:00:00+00:00, 2024-01-08T20:00:00+00:00, 2024-01-09T20:00:00+00:00, 2024-01-10T16:00:00+00:00, 2024-01-11T18:00:00+00:00, 2024-01-16T20:00:00+00:00, 2024-01-17T15:00:00+00:00, 2024-01-18T16:00:00+00:00, 2024-01-19T20:00:00+00:00, 2024-01-22T21:00:00+00:00]","[8.0, 2.0, 2.0, 2.0, 3.0, 3.0, 6.0, 2.0, 8.0, 6.0, 1.0, 7.0, 10.0, 7.0]","[0.22000000000000242, 0.21999999999999886, -0.0799999999999983, 0.05099999999999838, 0.19500000000000028, 0.129999999999999, 0.10000000000000142, 0.060000000000002274, 0.09799999999999898, -0.09999999999999787, 0.03500000000000014, 0.15499999999999758, 0.08500000000000085, 0.060000000000002274]","[1.0757946210269067, 1.0658914728682114, -0.38387715930901295, 0.2450862607525512, 0.9452253999030552, 0.6243996157540778, 0.4773269689737538, 0.2851711026616078, 0.46423495973471807, -0.4716981132075371, 0.16591609386110523, 0.735119753379168, 0.400000000000004, 0.28089887640450506]",2024-01-30 17:22:58
GIB,ALGO_ADX_28,8,7,1,0.9254,0.4426,3.2500,0.4160,0.5601351706247057,0.875,2024-01-22 16:00:00+00:00,13,ADX_28_P.5_L.5_AV_1H_STOCK_RESULTS,"[2024-01-11T17:00:00+00:00, 2024-01-11T20:00:00+00:00, 2024-01-16T18:00:00+00:00, 2024-01-16T21:00:00+00:00, 2024-01-17T17:00:00+00:00, 2024-01-18T15:00:00+00:00, 2024-01-18T21:00:00+00:00, 2024-01-19T19:00:00+00:00]","[2024-01-11T19:00:00+00:00, 2024-01-12T16:00:00+00:00, 2024-01-16T20:00:00+00:00, 2024-01-17T16:00:00+00:00, 2024-01-17T21:00:00+00:00, 2024-01-18T20:00:00+00:00, 2024-01-19T18:00:00+00:00, 2024-01-22T16:00:00+00:00]","[2.0, 3.0, 2.0, 2.0, 4.0, 5.0, 4.0, 4.0]","[0.7800000000000011, 0.6230000000000047, 0.6800000000000068, -0.737000000000009, 0.38000000000000966, 0.5699999999999932, 0.7399999999999949, 0.5049999999999955]","[0.7377979568671975, 0.5839511843054961, 0.6457739791073189, -0.6948896850839232, 0.3617325083293762, 0.5363191569439153, 0.691007563731436, 0.4666635863789636]",2024-01-30 17:05:38
FMAY,ALGO_ADX_28,7,6,1,1.1692,0.1703,15.2857,0.4103,0.5830903790087512,0.8571428571428571,2024-01-29 21:00:00+00:00,6,ADX_28_P.5_L.5_AV_1H_STOCK_RESULTS,"[2024-01-03T19:00:00+00:00, 2024-01-08T21:00:00+00:00, 2024-01-12T17:00:00+00:00, 2024-01-17T17:00:00+00:00, 2024-01-18T21:00:00+00:00, 2024-01-19T20:00:00+00:00, 2024-01-24T18:00:00+00:00]","[2024-01-08T20:00:00+00:00, 2024-01-12T16:00:00+00:00, 2024-01-17T16:00:00+00:00, 2024-01-18T20:00:00+00:00, 2024-01-19T19:00:00+00:00, 2024-01-24T16:00:00+00:00, 2024-01-29T21:00:00+00:00]","[18.0, 23.0, 13.0, 9.0, 4.0, 16.0, 24.0]","[0.240000000000002, 0.19000000000000483, -0.15500000000000114, 0.25200000000000244, 0.27599999999999625, 0.259999999999998, 0.1290000000000049]","[0.5830903790087512, 0.45893719806764455, -0.37340399903637955, 0.6103468320093065, 0.6641959859459889, 0.6218607988519446, 0.30684331961657646]",2024-01-30 17:03:16
FNOV,ALGO_ADX_28,7,6,1,0.95,0.1704,12.8571,0.4008,0.5154639175257705,0.8571428571428571,2024-01-24 16:00:00+00:00,11,ADX_28_P.5_L.5_AV_1H_STOCK_RESULTS,"[2024-01-03T15:00:00+00:00, 2024-01-08T21:00:00+00:00, 2024-01-16T15:00:00+00:00, 2024-01-17T20:00:00+00:00, 2024-01-18T17:00:00+00:00, 2024-01-19T15:00:00+00:00, 2024-01-19T20:00:00+00:00]","[2024-01-08T20:00:00+00:00, 2024-01-12T21:00:00+00:00, 2024-01-17T19:00:00+00:00, 2024-01-18T16:00:00+00:00, 2024-01-18T21:00:00+00:00, 2024-01-19T19:00:00+00:00, 2024-01-24T16:00:00+00:00]","[24.0, 27.0, 11.0, 3.0, 4.0, 4.0, 17.0]","[0.23000000000000398, 0.2149999999999963, -0.2469999999999999, 0.2049999999999983, 0.2600000000000051, 0.21999999999999886, 0.3100000000000023]","[0.5451528798293529, 0.5061801059446646, -0.580752862617855, 0.48440453686199975, 0.6130629568498117, 0.5154639175257705, 0.7218535335894802]",2024-01-30 17:03:22
BJUN,ALGO_ADX_28,7,6,1,0.744,0.1363,7.0000,0.3818,0.5187885586090922,0.8571428571428571,2024-01-24 16:00:00+00:00,11,ADX_28_P.5_L.5_AV_1H_STOCK_RESULTS,"[2024-01-08T15:00:00+00:00, 2024-01-09T17:00:00+00:00, 2024-01-12T21:00:00+00:00, 2024-01-17T19:00:00+00:00, 2024-01-18T17:00:00+00:00, 2024-01-18T21:00:00+00:00, 2024-01-19T20:00:00+00:00, 2024-01-24T18:00:00+00:00]","[2024-01-08T21:00:00+00:00, 2024-01-12T20:00:00+00:00, 2024-01-17T17:00:00+00:00, 2024-01-18T16:00:00+00:00, 2024-01-18T20:00:00+00:00, 2024-01-19T19:00:00+00:00, 2024-01-24T16:00:00+00:00]","[4.0, 14.0, 6.0, 4.0, 3.0, 5.0, 13.0]","[0.23100000000000165, 0.18500000000000227, -0.2890000000000015, 0.1670000000000016, 0.1600000000000037, 0.23000000000000398, 0.2700000000000031]","[0.6510710259301061, 0.5187885586090922, -0.8060017849174517, 0.4700253307064497, 0.4488078541374578, 0.6419201786212783, 0.7483370288248424]",2024-01-30 16:47:31
GSPY,ALGO_ADX_28,8,7,1,0.7073,0.0920,3.1250,0.3476,0.5907843993020414,0.875,2024-01-29 21:00:00+00:00,6,ADX_28_P.5_L.5_AV_1H_STOCK_RESULTS,"[2024-01-16T16:00:00+00:00, 2024-01-17T21:00:00+00:00, 2024-01-18T18:00:00+00:00, 2024-01-19T19:00:00+00:00, 2024-01-22T16:00:00+00:00, 2024-01-24T19:00:00+00:00, 2024-01-25T21:00:00+00:00, 2024-01-29T16:00:00+00:00]","[2024-01-17T18:00:00+00:00, 2024-01-18T17:00:00+00:00, 2024-01-18T21:00:00+00:00, 2024-01-22T15:00:00+00:00, 2024-01-24T18:00:00+00:00, 2024-01-25T20:00:00+00:00, 2024-01-29T15:00:00+00:00, 2024-01-29T21:00:00+00:00]","[6.0, 2.0, 3.0, 2.0, 3.0, 2.0, 3.0, 4.0]","[-0.19000000000000128, 0.16000000000000014, 0.16000000000000014, 0.14999999999999858, 0.21699999999999875, 0.030000000000001137, 0.030000000000001137, 0.1789999999999985]","[-0.7288070579209869, 0.6182380216383313, 0.614675374567807, 0.5668934240362757, 0.8176029539203449, 0.11227544910180068, 0.11206574523721007, 0.6679104477611884]",2024-01-30 17:07:16
MOD,ALGO_ADX_28,7,6,1,0.7262,0.1984,1.4286,0.3204,0.4429860541427334,0.8571428571428571,2024-01-11 21:00:00+00:00,24,ADX_28_P.5_L.5_AV_1H_STOCK_RESULTS,"[2024-01-09T19:00:00+00:00, 2024-01-10T15:00:00+00:00, 2024-01-10T17:00:00+00:00, 2024-01-10T20:00:00+00:00, 2024-01-11T16:00:00+00:00, 2024-01-11T18:00:00+00:00, 2024-01-11T20:00:00+00:00]","[2024-01-09T21:00:00+00:00, 2024-01-10T16:00:00+00:00, 2024-01-10T19:00:00+00:00, 2024-01-11T15:00:00+00:00, 2024-01-11T17:00:00+00:00, 2024-01-11T19:00:00+00:00, 2024-01-11T21:00:00+00:00]","[2.0, 1.0, 2.0, 2.0, 1.0, 1.0, 1.0]","[-0.269999999999996, 0.269999999999996, 0.06500000000000483, 0.6099999999999994, 0.03999999999999915, 0.3340000000000032, 0.3400000000000034]","[-0.4422604422604358, 0.4429860541427334, 0.10634816753927494, 0.9876943005181339, 0.0651996740016286, 0.5400074372281826, 0.5426975259377549]",2024-01-30 17:21:12
PDI,ALGO_ADX_28,21,18,3,0.7383,0.0525,6.0000,0.2865,0.4156275976724815,0.8571428571428571,2024-01-30 16:00:00+00:00,5,ADX_28_P.5_L.5_AV_1H_STOCK_RESULTS,"[2023-12-15T20:00:00+00:00, 2023-12-18T16:00:00+00:00, 2023-12-18T19:00:00+00:00, 2023-12-19T16:00:00+00:00, 2023-12-20T18:00:00+00:00, 2023-12-20T21:00:00+00:00, 2023-12-21T16:00:00+00:00, 2023-12-27T15:00:00+00:00, 2023-12-28T21:00:00+00:00, 2023-12-29T19:00:00+00:00, 2024-01-02T16:00:00+00:00, 2024-01-02T20:00:00+00:00, 2024-01-03T15:00:00+00:00, 2024-01-03T21:00:00+00:00, 2024-01-04T17:00:00+00:00, 2024-01-18T15:00:00+00:00, 2024-01-18T21:00:00+00:00, 2024-01-19T16:00:00+00:00, 2024-01-22T17:00:00+00:00, 2024-01-24T16:00:00+00:00, 2024-01-29T16:00:00+00:00, 2024-01-30T17:00:00+00:00]","[2023-12-18T15:00:00+00:00, 2023-12-18T18:00:00+00:00, 2023-12-19T15:00:00+00:00, 2023-12-20T17:00:00+00:00, 2023-12-20T20:00:00+00:00, 2023-12-21T15:00:00+00:00, 2023-12-26T21:00:00+00:00, 2023-12-28T20:00:00+00:00, 2023-12-29T18:00:00+00:00, 2024-01-02T15:00:00+00:00, 2024-01-02T19:00:00+00:00, 2024-01-02T21:00:00+00:00, 2024-01-03T20:00:00+00:00, 2024-01-04T16:00:00+00:00, 2024-01-05T17:00:00+00:00, 2024-01-18T20:00:00+00:00, 2024-01-19T15:00:00+00:00, 2024-01-22T16:00:00+00:00, 2024-01-24T15:00:00+00:00, 2024-01-29T15:00:00+00:00, 2024-01-30T16:00:00+00:00]","[2.0, 2.0, 3.0, 8.0, 2.0, 1.0, 19.0, 12.0, 4.0, 3.0, 3.0, 1.0, 5.0, 2.0, 7.0, 5.0, 1.0, 7.0, 12.0, 20.0, 7.0]","[0.019999999999999574, -0.07000000000000028, 0.08500000000000085, 0.06099999999999994, -0.14499999999999957, 0.08999999999999986, 0.07199999999999918, -0.0589999999999975, 0.11000000000000298, 0.053999999999998494, 0.05600000000000094, 0.07499999999999929, 0.08999999999999986, 0.11899999999999977, 0.08200000000000074, 0.125, 0.00999999999999801, 0.0799999999999983, 0.08699999999999974, 0.04100000000000037, 0.11899999999999977]","[0.11166945840312437, -0.3895381190873694, 0.4763239002521763, 0.34125874125874095, -0.8082497212931972, 0.5059021922428323, 0.4026170105686919, -0.3288007133303472, 0.6176305446378607, 0.3009027081243647, 0.3113705865999496, 0.4156275976724815, 0.49477735019241265, 0.6516976998904697, 0.44667175073537824, 0.6756756756756757, 0.05370569280342647, 0.42849491162291525, 0.4643714971977569, 0.2172876146059694, 0.628100918399661]",2024-01-30 17:27:16
AEIS,ALGO_ADX_28,6,6,0,2.055,2.6600,3.3333,2.5857,2.052328528609669,1.0,2024-01-29 20:00:00+00:00,6,ADX_28_P1.5_L1.5_AVR_1H_STOCK_RESULTS,"[2023-12-12T19:00:00+00:00, 2023-12-13T17:00:00+00:00, 2023-12-13T21:00:00+00:00, 2024-01-19T15:00:00+00:00, 2024-01-19T21:00:00+00:00, 2024-01-29T16:00:00+00:00, 2024-01-29T21:00:00+00:00]","[2023-12-13T16:00:00+00:00, 2023-12-13T20:00:00+00:00, 2023-12-14T16:00:00+00:00, 2024-01-19T20:00:00+00:00, 2024-01-22T16:00:00+00:00, 2024-01-29T20:00:00+00:00]","[4.0, 3.0, 2.0, 5.0, 2.0, 4.0]","[2.135000000000005, 3.9350000000000023, 4.8999999999999915, 2.0049999999999955, 1.5250000000000057, 1.460000000000008]","[2.1606031472954563, 3.906482676461831, 4.667555724899972, 1.9440539099238818, 1.4441287878787934, 1.391271202591965]",2024-01-30 05:09:58
EFXT,ALGO_ADX_28,8,8,0,0.9467,0.1031,4.2500,2.2643,1.3522474185057616,1.0,2024-01-18 16:00:00+00:00,17,ADX_28_P1.5_L1.5_AVR_1H_STOCK_RESULTS,"[2024-01-09T15:00:00+00:00, 2024-01-09T20:00:00+00:00, 2024-01-10T17:00:00+00:00, 2024-01-11T15:00:00+00:00, 2024-01-12T16:00:00+00:00, 2024-01-16T17:00:00+00:00, 2024-01-16T20:00:00+00:00, 2024-01-17T15:00:00+00:00]","[2024-01-09T19:00:00+00:00, 2024-01-10T16:00:00+00:00, 2024-01-10T21:00:00+00:00, 2024-01-12T15:00:00+00:00, 2024-01-16T16:00:00+00:00, 2024-01-16T19:00:00+00:00, 2024-01-16T21:00:00+00:00, 2024-01-18T16:00:00+00:00]","[4.0, 3.0, 4.0, 5.0, 7.0, 2.0, 1.0, 8.0]","[0.07500000000000018, 0.0699999999999994, 0.04999999999999982, 0.010000000000000675, 0.14999999999999947, 0.040000000000000036, 0.04999999999999982, 0.3799999999999999]","[1.7301038062283776, 1.5909090909090773, 1.1135857461024459, 0.22573363431152765, 3.409090909090897, 0.8639308855291584, 1.061571125265389, 8.11965811965812]",2024-01-30 05:26:18
APTV,ALGO_ADX_28,10,9,1,1.2036,1.6200,6.1000,1.9906,1.7909863452343244,0.9,2024-01-26 16:00:00+00:00,9,ADX_28_P1.5_L1.5_AVR_1H_STOCK_RESULTS,"[2023-12-12T16:00:00+00:00, 2023-12-13T15:00:00+00:00, 2023-12-13T21:00:00+00:00, 2023-12-14T16:00:00+00:00, 2023-12-14T19:00:00+00:00, 2023-12-14T21:00:00+00:00, 2024-01-17T16:00:00+00:00, 2024-01-22T17:00:00+00:00, 2024-01-23T17:00:00+00:00, 2024-01-24T17:00:00+00:00]","[2023-12-12T21:00:00+00:00, 2023-12-13T20:00:00+00:00, 2023-12-14T15:00:00+00:00, 2023-12-14T18:00:00+00:00, 2023-12-14T20:00:00+00:00, 2023-12-15T15:00:00+00:00, 2024-01-22T16:00:00+00:00, 2024-01-23T16:00:00+00:00, 2024-01-24T16:00:00+00:00, 2024-01-26T16:00:00+00:00]","[5.0, 5.0, 1.0, 2.0, 1.0, 1.0, 21.0, 6.0, 6.0, 13.0]","[0.8500000000000085, 1.3050000000000068, 4.3999999999999915, 1.1899999999999977, 1.355000000000004, -1.2399999999999949, 1.5300000000000011, 2.010000000000005, 1.980000000000004, 2.8200000000000074]","[1.0681075647147633, 1.6344166823220077, 5.3961246014226045, 1.382916908773966, 1.5534537116652383, -1.3956105796285818, 1.947556008146641, 2.520692249811895, 2.4251331986037163, 3.3732057416268035]",2024-01-30 05:12:16
CEM,ALGO_ADX_28,7,6,1,0.803,0.7343,15.2857,1.9134,1.4017521902377852,0.8571428571428571,2024-01-26 21:00:00+00:00,9,ADX_28_P1.5_L1.5_AVR_1H_STOCK_RESULTS,"[2023-12-15T16:00:00+00:00, 2023-12-19T18:00:00+00:00, 2024-01-11T20:00:00+00:00, 2024-01-12T17:00:00+00:00, 2024-01-17T21:00:00+00:00, 2024-01-22T17:00:00+00:00, 2024-01-25T19:00:00+00:00]","[2023-12-19T17:00:00+00:00, 2023-12-26T16:00:00+00:00, 2024-01-12T16:00:00+00:00, 2024-01-17T20:00:00+00:00, 2024-01-22T16:00:00+00:00, 2024-01-25T18:00:00+00:00, 2024-01-26T21:00:00+00:00]","[15.0, 26.0, 3.0, 17.0, 16.0, 21.0, 9.0]","[0.740000000000002, 2.710000000000001, 0.5200000000000031, -0.529999999999994, 0.509999999999998, 0.5599999999999952, 0.6299999999999955]","[1.9956850053937487, 7.167416027505953, 1.3045659809332744, -1.315136476426784, 1.2875536480686645, 1.4017521902377852, 1.5517241379310232]",2024-01-30 05:19:16
UHAL,ALGO_ADX_28,7,6,1,1.1994,1.1674,7.1429,1.8727,1.6255267910897024,0.8571428571428571,2024-01-26 16:00:00+00:00,9,ADX_28_P1.5_L1.5_AVR_1H_STOCK_RESULTS,"[2023-12-12T15:00:00+00:00, 2023-12-13T15:00:00+00:00, 2023-12-13T21:00:00+00:00, 2023-12-14T17:00:00+00:00, 2023-12-15T15:00:00+00:00, 2023-12-18T17:00:00+00:00, 2024-01-23T17:00:00+00:00, 2024-01-26T17:00:00+00:00]","[2023-12-12T21:00:00+00:00, 2023-12-13T20:00:00+00:00, 2023-12-14T16:00:00+00:00, 2023-12-14T21:00:00+00:00, 2023-12-18T16:00:00+00:00, 2023-12-19T15:00:00+00:00, 2024-01-26T16:00:00+00:00]","[6.0, 5.0, 2.0, 4.0, 8.0, 5.0, 20.0]","[-0.8149999999999977, 2.1199999999999974, 2.0, 0.9939999999999998, 1.779999999999994, 1.012999999999991, 1.0799999999999983]","[-1.3747153580163578, 3.6326250856751154, 3.3140016570008286, 1.579633219972666, 2.790406019752303, 1.5411532024950416, 1.6255267910897024]",2024-01-30 06:04:21
NRC,ALGO_ADX_28,6,6,0,1.5731,0.6990,6.0000,1.7763,1.3644608629289947,1.0,2024-01-22 17:00:00+00:00,13,ADX_28_P1.5_L1.5_AVR_1H_STOCK_RESULTS,"[2023-12-29T20:00:00+00:00, 2024-01-11T15:00:00+00:00, 2024-01-11T19:00:00+00:00, 2024-01-12T17:00:00+00:00, 2024-01-18T18:00:00+00:00, 2024-01-19T15:00:00+00:00, 2024-01-22T18:00:00+00:00]","[2024-01-02T17:00:00+00:00, 2024-01-11T18:00:00+00:00, 2024-01-12T16:00:00+00:00, 2024-01-17T16:00:00+00:00, 2024-01-18T21:00:00+00:00, 2024-01-22T17:00:00+00:00]","[4.0, 3.0, 4.0, 13.0, 3.0, 9.0]","[1.644999999999996, 0.509999999999998, 0.24900000000000233, 0.7299999999999969, 0.5, 0.5599999999999952]","[4.150895786020681, 1.3043478260869514, 0.6368123577402172, 1.8589253883371448, 1.282051282051282, 1.4245738997710382]",2024-01-30 05:47:24
ALG,ALGO_ADX_28,7,6,1,1.0933,3.5343,6.8571,1.7755,1.8968019618637664,0.8571428571428571,2024-01-25 16:00:00+00:00,10,ADX_28_P1.5_L1.5_AVR_1H_STOCK_RESULTS,"[2023-12-13T15:00:00+00:00, 2023-12-13T21:00:00+00:00, 2024-01-16T20:00:00+00:00, 2024-01-17T17:00:00+00:00, 2024-01-19T20:00:00+00:00, 2024-01-22T17:00:00+00:00, 2024-01-23T17:00:00+00:00]","[2023-12-13T20:00:00+00:00, 2023-12-14T16:00:00+00:00, 2024-01-17T16:00:00+00:00, 2024-01-19T19:00:00+00:00, 2024-01-22T16:00:00+00:00, 2024-01-23T16:00:00+00:00, 2024-01-25T16:00:00+00:00]","[5.0, 2.0, 3.0, 16.0, 3.0, 6.0, 13.0]","[6.685000000000002, 7.039999999999992, -2.859999999999985, 3.789999999999992, 5.155000000000001, 1.289999999999992, 3.6399999999999864]","[3.4802301064632855, 3.5679894582129603, -1.4092140921409142, 1.8968019618637664, 2.529626812572074, 0.6196263028963889, 1.7435455285721064]",2024-01-30 05:10:50
FPF,ALGO_ADX_28,6,6,0,6.1311,0.2785,26.5000,1.6936,1.7036608553697272,1.0,2024-01-29 16:00:00+00:00,6,ADX_28_P1.5_L1.5_AVR_1H_STOCK_RESULTS,"[2023-12-12T19:00:00+00:00, 2023-12-13T21:00:00+00:00, 2023-12-26T19:00:00+00:00, 2024-01-04T19:00:00+00:00, 2024-01-12T17:00:00+00:00, 2024-01-25T18:00:00+00:00]","[2023-12-13T20:00:00+00:00, 2023-12-14T17:00:00+00:00, 2024-01-04T18:00:00+00:00, 2024-01-12T16:00:00+00:00, 2024-01-25T17:00:00+00:00, 2024-01-29T16:00:00+00:00]","[8.0, 3.0, 41.0, 39.0, 56.0, 12.0]","[0.3450000000000024, 0.28999999999999915, 0.28500000000000014, 0.2469999999999999, 0.28200000000000003, 0.2220000000000013]","[2.1800947867298732, 1.7934446505875021, 1.7404580152671763, 1.483483483483483, 1.6668636954722784, 1.2974868497954488]",2024-01-30 05:31:03
KROS,ALGO_ADX_28,8,8,0,1.9784,0.9050,2.8750,1.6912,1.5603533552710678,1.0,2024-01-24 19:00:00+00:00,11,ADX_28_P1.5_L1.5_AVR_1H_STOCK_RESULTS,"[2024-01-18T17:00:00+00:00, 2024-01-19T17:00:00+00:00, 2024-01-19T21:00:00+00:00, 2024-01-22T16:00:00+00:00, 2024-01-22T21:00:00+00:00, 2024-01-23T17:00:00+00:00, 2024-01-23T20:00:00+00:00, 2024-01-24T15:00:00+00:00]","[2024-01-19T16:00:00+00:00, 2024-01-19T20:00:00+00:00, 2024-01-22T15:00:00+00:00, 2024-01-22T20:00:00+00:00, 2024-01-23T16:00:00+00:00, 2024-01-23T19:00:00+00:00, 2024-01-23T21:00:00+00:00, 2024-01-24T19:00:00+00:00]","[6.0, 3.0, 1.0, 4.0, 2.0, 2.0, 1.0, 4.0]","[1.3100000000000023, 0.7949999999999946, 0.054999999999999716, 1.480000000000004, 0.8800000000000026, 1.3800000000000026, 0.6499999999999986, 0.6900000000000048]","[2.5536062378167688, 1.5145742046103916, 0.10377358490565984, 2.7919260516883684, 1.6061325059317442, 2.5602968460111364, 1.18053033054849, 1.2186506534793446]",2024-01-30 05:41:47
RGEN,ALGO_ADX_28,10,9,1,0.8932,2.9112,5.0000,1.6887,1.4876976737429755,0.9,2024-01-22 21:00:00+00:00,13,ADX_28_P1.5_L1.5_AVR_1H_STOCK_RESULTS,"[2023-12-12T19:00:00+00:00, 2023-12-13T21:00:00+00:00, 2023-12-14T17:00:00+00:00, 2023-12-21T20:00:00+00:00, 2023-12-22T16:00:00+00:00, 2023-12-27T16:00:00+00:00, 2024-01-18T16:00:00+00:00, 2024-01-18T20:00:00+00:00, 2024-01-19T18:00:00+00:00, 2024-01-22T15:00:00+00:00]","[2023-12-13T20:00:00+00:00, 2023-12-14T16:00:00+00:00, 2023-12-14T19:00:00+00:00, 2023-12-22T15:00:00+00:00, 2023-12-27T15:00:00+00:00, 2023-12-28T16:00:00+00:00, 2024-01-18T19:00:00+00:00, 2024-01-19T17:00:00+00:00, 2024-01-19T21:00:00+00:00, 2024-01-22T21:00:00+00:00]","[8.0, 2.0, 2.0, 2.0, 13.0, 7.0, 3.0, 4.0, 3.0, 6.0]","[8.414999999999992, 7.8799999999999955, -3.6799999999999784, 3.069999999999993, 0.8900000000000148, 2.9099999999999966, 2.7200000000000273, 2.4199999999999875, 2.1570000000000107, 2.3300000000000125]","[5.120637721726955, 4.500028553480666, -1.9930675909878566, 1.6848691070742512, 0.4844064660099139, 1.5830703949515812, 1.6081352725552958, 1.3923249525343695, 1.2258258838505884, 1.2803604791735426]",2024-01-30 05:54:26
SCCO,ALGO_ADX_28,7,6,1,0.9292,1.2936,5.0000,1.6492,1.513659857248326,0.8571428571428571,2024-01-24 15:00:00+00:00,11,ADX_28_P1.5_L1.5_AVR_1H_STOCK_RESULTS,"[2023-12-11T21:00:00+00:00, 2023-12-13T19:00:00+00:00, 2023-12-13T21:00:00+00:00, 2023-12-14T17:00:00+00:00, 2024-01-19T19:00:00+00:00, 2024-01-22T16:00:00+00:00, 2024-01-23T17:00:00+00:00, 2024-01-26T19:00:00+00:00]","[2023-12-13T18:00:00+00:00, 2023-12-13T20:00:00+00:00, 2023-12-14T16:00:00+00:00, 2023-12-15T16:00:00+00:00, 2024-01-22T15:00:00+00:00, 2024-01-23T16:00:00+00:00, 2024-01-24T15:00:00+00:00]","[11.0, 1.0, 2.0, 6.0, 3.0, 7.0, 5.0]","[-1.25, 2.7849999999999966, 3.055000000000007, 1.2299999999999898, 0.9900000000000091, 0.6550000000000011, 1.5900000000000034]","[-1.6637827765206974, 3.7594492440604705, 3.949069286452956, 1.513659857248326, 1.2367270455965136, 0.8103928240024758, 1.9390243902439066]",2024-01-30 05:56:14
ENOV,ALGO_ADX_28,12,11,1,1.3515,0.8842,6.1667,1.6094,1.719489073194465,0.9166666666666666,2024-01-29 21:00:00+00:00,6,ADX_28_P1.5_L1.5_AVR_1H_STOCK_RESULTS,"[2023-12-12T19:00:00+00:00, 2023-12-13T18:00:00+00:00, 2023-12-13T21:00:00+00:00, 2024-01-05T20:00:00+00:00, 2024-01-08T17:00:00+00:00, 2024-01-17T17:00:00+00:00, 2024-01-18T17:00:00+00:00, 2024-01-19T15:00:00+00:00, 2024-01-19T18:00:00+00:00, 2024-01-22T17:00:00+00:00, 2024-01-24T17:00:00+00:00, 2024-01-26T17:00:00+00:00]","[2023-12-13T17:00:00+00:00, 2023-12-13T20:00:00+00:00, 2023-12-14T16:00:00+00:00, 2024-01-08T16:00:00+00:00, 2024-01-10T18:00:00+00:00, 2024-01-18T16:00:00+00:00, 2024-01-18T21:00:00+00:00, 2024-01-19T17:00:00+00:00, 2024-01-22T16:00:00+00:00, 2024-01-23T16:00:00+00:00, 2024-01-26T16:00:00+00:00, 2024-01-29T21:00:00+00:00]","[5.0, 2.0, 2.0, 3.0, 15.0, 6.0, 4.0, 2.0, 5.0, 6.0, 13.0, 11.0]","[0.9299999999999997, 1.4599999999999937, 1.6550000000000011, 1.1499999999999986, 1.0200000000000031, 0.5200000000000031, 0.5349999999999966, 0.9600000000000009, 1.4599999999999937, -1.0050000000000026, 0.980000000000004, 0.9450000000000003]","[1.8765133171912827, 2.8939544103072223, 3.1741465285769106, 2.0613013084782192, 1.778242677824273, 0.9052924791086405, 0.9232893260850747, 1.656886434242321, 2.4603977081226724, -1.6516023007395277, 1.660735468564657, 1.5732955964371937]",2024-01-30 05:26:35
MBINN,ALGO_ADX_28,7,7,0,3.2032,0.3284,17.5714,1.6080,1.7874875868917548,1.0,2024-01-29 21:00:00+00:00,6,ADX_28_P1.5_L1.5_AVR_1H_STOCK_RESULTS,"[2023-12-19T20:00:00+00:00, 2023-12-22T19:00:00+00:00, 2024-01-02T17:00:00+00:00, 2024-01-03T16:00:00+00:00, 2024-01-16T18:00:00+00:00, 2024-01-25T17:00:00+00:00, 2024-01-26T20:00:00+00:00]","[2023-12-22T16:00:00+00:00, 2023-12-27T17:00:00+00:00, 2024-01-02T21:00:00+00:00, 2024-01-16T17:00:00+00:00, 2024-01-25T16:00:00+00:00, 2024-01-26T19:00:00+00:00, 2024-01-29T21:00:00+00:00]","[15.0, 12.0, 3.0, 41.0, 36.0, 8.0, 8.0]","[0.46000000000000085, 0.35999999999999943, 0.18999999999999773, 0.37900000000000134, 0.39000000000000057, 0.33999999999999986, 0.18000000000000327]","[2.3302938196555263, 1.7874875868917548, 0.949525237381298, 1.8623163480910094, 1.896887159533077, 1.5954950727358042, 0.834105653382777]",2024-01-30 05:43:36
STRL,ALGO_ADX_28,6,6,0,1.5482,1.1258,2.8333,1.5277,1.5194070982306076,1.0,2024-01-29 21:00:00+00:00,6,ADX_28_P1.5_L1.5_AVR_1H_STOCK_RESULTS,"[2023-12-12T15:00:00+00:00, 2023-12-12T18:00:00+00:00, 2023-12-12T20:00:00+00:00, 2023-12-13T16:00:00+00:00, 2024-01-26T19:00:00+00:00, 2024-01-29T16:00:00+00:00]","[2023-12-12T17:00:00+00:00, 2023-12-12T19:00:00+00:00, 2023-12-13T15:00:00+00:00, 2023-12-13T20:00:00+00:00, 2024-01-29T15:00:00+00:00, 2024-01-29T21:00:00+00:00]","[2.0, 1.0, 2.0, 4.0, 3.0, 5.0]","[1.3299999999999983, 0.8400000000000034, 0.2049999999999983, 2.430000000000007, 0.4899999999999949, 1.4599999999999937]","[1.877470355731223, 1.1613438407299923, 0.27999726831933114, 3.260869565217401, 0.6557815845824343, 1.930961513027369]",2024-01-30 06:00:25
USA,ALGO_ADX_28,7,7,0,6.0046,0.0896,12.8571,1.4283,1.5434606011372827,1.0,2024-01-29 15:00:00+00:00,6,ADX_28_P1.5_L1.5_AVR_1H_STOCK_RESULTS,"[2023-12-12T15:00:00+00:00, 2023-12-13T17:00:00+00:00, 2023-12-13T21:00:00+00:00, 2023-12-15T17:00:00+00:00, 2024-01-03T19:00:00+00:00, 2024-01-08T16:00:00+00:00, 2024-01-22T19:00:00+00:00, 2024-01-29T16:00:00+00:00]","[2023-12-13T16:00:00+00:00, 2023-12-13T20:00:00+00:00, 2023-12-15T16:00:00+00:00, 2023-12-19T16:00:00+00:00, 2024-01-08T15:00:00+00:00, 2024-01-09T18:00:00+00:00, 2024-01-29T15:00:00+00:00]","[8.0, 3.0, 9.0, 13.0, 17.0, 9.0, 31.0]","[0.09499999999999975, 0.09499999999999975, 0.07500000000000018, 0.09600000000000009, 0.05999999999999961, 0.10599999999999987, 0.10000000000000053]","[1.566364385820276, 1.5434606011372827, 1.1990407673860939, 1.5173067804646767, 0.9538950715421243, 1.6614420062695905, 1.5564202334630433]",2024-01-30 06:04:54
AMR,ALGO_ADX_28,7,6,1,1.3761,4.3786,3.4286,1.3818,1.9104084321475474,0.8571428571428571,2024-01-29 19:00:00+00:00,6,ADX_28_P1.5_L1.5_AVR_1H_STOCK_RESULTS,"[2023-12-12T17:00:00+00:00, 2023-12-13T16:00:00+00:00, 2023-12-13T21:00:00+00:00, 2023-12-14T17:00:00+00:00, 2023-12-15T15:00:00+00:00, 2023-12-15T17:00:00+00:00, 2024-01-29T15:00:00+00:00, 2024-01-29T20:00:00+00:00]","[2023-12-13T15:00:00+00:00, 2023-12-13T20:00:00+00:00, 2023-12-14T16:00:00+00:00, 2023-12-14T21:00:00+00:00, 2023-12-15T16:00:00+00:00, 2023-12-15T21:00:00+00:00, 2024-01-29T19:00:00+00:00]","[5.0, 4.0, 2.0, 4.0, 1.0, 4.0, 4.0]","[1.0749999999999886, 5.910000000000025, -1.8199999999999932, 5.259999999999991, 5.7999999999999545, 6.455000000000041, 7.96999999999997]","[0.37418636221239465, 2.0520120829137967, -0.6256445513922287, 1.808865504315826, 1.9104084321475474, 2.088827764743966, 2.064232064232056]",2024-01-30 05:11:34
IVW,ALGO_ADX_28,6,6,0,2.4611,1.0433,13.1667,1.3809,1.5371740734733916,1.0,2024-01-24 16:00:00+00:00,11,ADX_28_P1.5_L1.5_AVR_1H_STOCK_RESULTS,"[2024-01-05T16:00:00+00:00, 2024-01-09T15:00:00+00:00, 2024-01-10T19:00:00+00:00, 2024-01-19T16:00:00+00:00, 2024-01-22T16:00:00+00:00, 2024-01-23T16:00:00+00:00, 2024-01-24T17:00:00+00:00]","[2024-01-08T21:00:00+00:00, 2024-01-10T18:00:00+00:00, 2024-01-19T15:00:00+00:00, 2024-01-22T15:00:00+00:00, 2024-01-23T15:00:00+00:00, 2024-01-24T16:00:00+00:00]","[12.0, 10.0, 38.0, 6.0, 6.0, 7.0]","[1.0649999999999977, 1.105000000000004, 1.4200000000000017, 1.2999999999999972, 0.14000000000000057, 1.230000000000004]","[1.451151383022207, 1.4907251264755534, 1.8857901726427646, 1.6935904116727425, 0.18030781119196415, 1.5836230204712296]",2024-01-30 05:39:17
RCI,ALGO_ADX_28,6,6,0,2.1349,0.5963,15.1667,1.2813,1.3475058610938961,1.0,2024-01-19 20:00:00+00:00,16,ADX_28_P1.5_L1.5_AVR_1H_STOCK_RESULTS,"[2023-12-19T18:00:00+00:00, 2023-12-20T20:00:00+00:00, 2024-01-02T21:00:00+00:00, 2024-01-05T17:00:00+00:00, 2024-01-08T16:00:00+00:00, 2024-01-18T20:00:00+00:00, 2024-01-19T21:00:00+00:00]","[2023-12-20T19:00:00+00:00, 2023-12-27T19:00:00+00:00, 2024-01-05T16:00:00+00:00, 2024-01-08T15:00:00+00:00, 2024-01-12T16:00:00+00:00, 2024-01-19T20:00:00+00:00]","[8.0, 27.0, 16.0, 5.0, 28.0, 7.0]","[0.6000000000000014, 0.6400000000000006, 0.597999999999999, 0.030000000000001137, 0.9200000000000017, 0.7899999999999991]","[1.3103297663245281, 1.384681955863264, 1.2849162011173163, 0.06392499467291952, 1.9599488708990236, 1.6837169650468866]",2024-01-30 05:53:53
ATRO,ALGO_ADX_28,9,8,1,1.2924,0.2017,5.1111,1.1948,1.3913043478260778,0.8888888888888888,2024-01-29 20:00:00+00:00,6,ADX_28_P1.5_L1.5_AVR_1H_STOCK_RESULTS,"[2024-01-16T20:00:00+00:00, 2024-01-18T21:00:00+00:00, 2024-01-19T19:00:00+00:00, 2024-01-22T17:00:00+00:00, 2024-01-22T20:00:00+00:00, 2024-01-23T17:00:00+00:00, 2024-01-23T21:00:00+00:00, 2024-01-24T17:00:00+00:00, 2024-01-26T19:00:00+00:00, 2024-01-29T21:00:00+00:00]","[2024-01-18T20:00:00+00:00, 2024-01-19T18:00:00+00:00, 2024-01-22T16:00:00+00:00, 2024-01-22T19:00:00+00:00, 2024-01-23T16:00:00+00:00, 2024-01-23T20:00:00+00:00, 2024-01-24T16:00:00+00:00, 2024-01-25T16:00:00+00:00, 2024-01-29T20:00:00+00:00]","[14.0, 4.0, 4.0, 2.0, 3.0, 3.0, 2.0, 6.0, 8.0]","[0.20000000000000284, 0.3150000000000013, 0.3500000000000014, -0.1999999999999993, 0.23000000000000043, 0.23999999999999844, 0.28000000000000114, 0.11999999999999744, 0.28000000000000114]","[1.233045622688057, 1.912568306010937, 2.078384798099771, -1.1547344110854463, 1.346604215456677, 1.3913043478260778, 1.6250725478816084, 0.6845407872218907, 1.6364699006429055]",2024-01-30 05:13:08
UTZ,ALGO_ADX_28,8,7,1,0.7174,0.1784,4.3750,1.1718,1.39203453631314,0.875,2024-01-29 16:00:00+00:00,6,ADX_28_P1.5_L1.5_AVR_1H_STOCK_RESULTS,"[2023-12-12T16:00:00+00:00, 2023-12-13T20:00:00+00:00, 2023-12-14T16:00:00+00:00, 2023-12-14T20:00:00+00:00, 2023-12-15T17:00:00+00:00, 2024-01-25T17:00:00+00:00, 2024-01-25T21:00:00+00:00, 2024-01-26T17:00:00+00:00]","[2023-12-13T19:00:00+00:00, 2023-12-14T15:00:00+00:00, 2023-12-14T19:00:00+00:00, 2023-12-15T16:00:00+00:00, 2023-12-18T16:00:00+00:00, 2024-01-25T20:00:00+00:00, 2024-01-26T16:00:00+00:00, 2024-01-29T16:00:00+00:00]","[10.0, 2.0, 3.0, 3.0, 6.0, 3.0, 2.0, 6.0]","[0.22900000000000098, 0.13899999999999935, -0.33899999999999864, 0.277000000000001, 0.5710000000000015, 0.23000000000000043, 0.23999999999999844, 0.0799999999999983]","[1.6415770609319067, 0.9525114781059367, -2.287140736742671, 1.9152319712369568, 3.9056087551299696, 1.3731343283582114, 1.4109347442680684, 0.4628290425224084]",2024-01-30 06:05:27
IESC,ALGO_ADX_28,7,6,1,0.8385,0.9294,8.4286,1.1607,1.641052357384742,0.8571428571428571,2024-01-18 21:00:00+00:00,17,ADX_28_P1.5_L1.5_AVR_1H_STOCK_RESULTS,"[2024-01-04T18:00:00+00:00, 2024-01-05T19:00:00+00:00, 2024-01-11T17:00:00+00:00, 2024-01-12T15:00:00+00:00, 2024-01-16T19:00:00+00:00, 2024-01-17T21:00:00+00:00, 2024-01-18T17:00:00+00:00, 2024-01-25T17:00:00+00:00]","[2024-01-05T18:00:00+00:00, 2024-01-11T16:00:00+00:00, 2024-01-11T21:00:00+00:00, 2024-01-16T18:00:00+00:00, 2024-01-17T20:00:00+00:00, 2024-01-18T16:00:00+00:00, 2024-01-18T21:00:00+00:00]","[7.0, 24.0, 4.0, 10.0, 8.0, 2.0, 4.0]","[-1.3250000000000028, 0.19599999999999795, 1.2600000000000051, 0.980000000000004, 1.480000000000004, 2.2449999999999903, 1.6700000000000017]","[-1.694915254237292, 0.2534264287561391, 1.641052357384742, 1.248407643312107, 1.8668012108980878, 2.7884734815550742, 2.0217917675544816]",2024-01-30 05:37:18
IFN,ALGO_ADX_28,7,6,1,0.944,0.2093,18.2857,1.1353,1.339764201500536,0.8571428571428571,2024-01-29 16:00:00+00:00,6,ADX_28_P1.5_L1.5_AVR_1H_STOCK_RESULTS,"[2023-12-22T18:00:00+00:00, 2024-01-04T17:00:00+00:00, 2024-01-11T16:00:00+00:00, 2024-01-18T20:00:00+00:00, 2024-01-22T17:00:00+00:00, 2024-01-23T17:00:00+00:00, 2024-01-25T16:00:00+00:00, 2024-01-29T17:00:00+00:00]","[2024-01-04T16:00:00+00:00, 2024-01-10T21:00:00+00:00, 2024-01-12T16:00:00+00:00, 2024-01-22T16:00:00+00:00, 2024-01-23T16:00:00+00:00, 2024-01-25T15:00:00+00:00, 2024-01-29T16:00:00+00:00]","[47.0, 32.0, 7.0, 10.0, 6.0, 12.0, 14.0]","[0.39000000000000057, 0.254999999999999, 0.3999999999999986, 0.25, -0.3099999999999987, 0.23000000000000043, 0.25]","[2.1606648199446012, 1.3798701298701244, 2.148227712137479, 1.339764201500536, -1.6332982086406675, 1.232252879721406, 1.3199577613516367]",2024-01-30 05:37:20
MET,ALGO_ADX_28,10,9,1,0.9425,0.7600,15.4000,1.1283,1.3411377120819878,0.9,2024-01-26 16:00:00+00:00,9,ADX_28_P1.5_L1.5_AVR_1H_STOCK_RESULTS,"[2023-12-11T21:00:00+00:00, 2023-12-13T21:00:00+00:00, 2023-12-18T18:00:00+00:00, 2023-12-19T16:00:00+00:00, 2023-12-21T15:00:00+00:00, 2024-01-02T17:00:00+00:00, 2024-01-04T17:00:00+00:00, 2024-01-05T18:00:00+00:00, 2024-01-16T21:00:00+00:00, 2024-01-22T17:00:00+00:00]","[2023-12-13T20:00:00+00:00, 2023-12-14T16:00:00+00:00, 2023-12-19T15:00:00+00:00, 2023-12-20T21:00:00+00:00, 2024-01-02T16:00:00+00:00, 2024-01-04T16:00:00+00:00, 2024-01-05T17:00:00+00:00, 2024-01-08T21:00:00+00:00, 2024-01-22T16:00:00+00:00, 2024-01-26T16:00:00+00:00]","[13.0, 2.0, 4.0, 12.0, 43.0, 13.0, 7.0, 10.0, 23.0, 27.0]","[0.9690000000000083, 0.8199999999999932, 0.2360000000000042, -1.3089999999999975, 1.5100000000000051, 0.7550000000000097, 0.9789999999999992, 0.8050000000000068, 1.730000000000004, 1.1049999999999898]","[1.4921465968586516, 1.2381096179978757, 0.35852639574630335, -1.9675630176314054, 2.3025312595303524, 1.1228435455086403, 1.4441658061660998, 1.1715907437054387, 2.535913221929059, 1.5846837802954106]",2024-01-30 05:44:24
IDYA,ALGO_ADX_28,9,8,1,0.8552,0.3852,2.1111,1.1120,1.3849543594586127,0.8888888888888888,2024-01-12 16:00:00+00:00,23,ADX_28_P1.5_L1.5_AVR_1H_STOCK_RESULTS,"[2023-12-12T16:00:00+00:00, 2023-12-12T19:00:00+00:00, 2023-12-13T17:00:00+00:00, 2023-12-13T19:00:00+00:00, 2023-12-13T21:00:00+00:00, 2023-12-14T18:00:00+00:00, 2024-01-10T15:00:00+00:00, 2024-01-11T17:00:00+00:00, 2024-01-11T19:00:00+00:00]","[2023-12-12T18:00:00+00:00, 2023-12-13T16:00:00+00:00, 2023-12-13T18:00:00+00:00, 2023-12-13T20:00:00+00:00, 2023-12-14T17:00:00+00:00, 2023-12-14T20:00:00+00:00, 2024-01-10T16:00:00+00:00, 2024-01-11T18:00:00+00:00, 2024-01-12T16:00:00+00:00]","[2.0, 4.0, 1.0, 1.0, 3.0, 2.0, 1.0, 1.0, 4.0]","[0.4400000000000013, 0.34499999999999886, -0.7050000000000054, 0.30000000000000426, 0.6099999999999994, 0.46999999999999886, 0.30999999999999517, 0.6749999999999972, 1.0219999999999985]","[1.3849543594586127, 1.066460587326117, -2.1549747822100116, 0.9360374414976733, 1.8597560975609742, 1.4055023923444943, 0.8589637018564565, 1.8705833448801363, 2.7803471353174776]",2024-01-30 05:37:16
IR,ALGO_ADX_28,7,7,0,1.9325,0.8264,14.0000,1.0861,1.2656541433519888,1.0,2024-01-26 15:00:00+00:00,9,ADX_28_P1.5_L1.5_AVR_1H_STOCK_RESULTS,"[2023-12-11T21:00:00+00:00, 2023-12-13T16:00:00+00:00, 2024-01-09T16:00:00+00:00, 2024-01-10T20:00:00+00:00, 2024-01-12T15:00:00+00:00, 2024-01-19T20:00:00+00:00, 2024-01-25T16:00:00+00:00, 2024-01-26T16:00:00+00:00]","[2023-12-13T15:00:00+00:00, 2023-12-14T20:00:00+00:00, 2024-01-10T19:00:00+00:00, 2024-01-11T21:00:00+00:00, 2024-01-19T19:00:00+00:00, 2024-01-25T15:00:00+00:00, 2024-01-26T15:00:00+00:00]","[8.0, 11.0, 10.0, 8.0, 32.0, 23.0, 6.0]","[0.3649999999999949, 1.1599999999999966, 0.9500000000000028, 1.3900000000000006, 1.1850000000000023, 0.25499999999999545, 0.480000000000004]","[0.49344328781937935, 1.5612382234185687, 1.2656541433519888, 1.821278825995808, 1.5297231007551826, 0.3234809082836426, 0.6079797340088714]",2024-01-30 05:38:55
BNH,ALGO_ADX_28,8,7,1,0.7814,0.1755,9.8750,1.0461,1.3754327811250906,0.875,2024-01-29 19:00:00+00:00,6,ADX_28_P1.5_L1.5_AVR_1H_STOCK_RESULTS,"[2023-12-13T18:00:00+00:00, 2023-12-13T21:00:00+00:00, 2023-12-14T18:00:00+00:00, 2024-01-02T17:00:00+00:00, 2024-01-03T18:00:00+00:00, 2024-01-09T18:00:00+00:00, 2024-01-25T17:00:00+00:00, 2024-01-25T21:00:00+00:00, 2024-01-29T20:00:00+00:00]","[2023-12-13T20:00:00+00:00, 2023-12-14T17:00:00+00:00, 2023-12-15T18:00:00+00:00, 2024-01-03T17:00:00+00:00, 2024-01-09T17:00:00+00:00, 2024-01-12T18:00:00+00:00, 2024-01-25T20:00:00+00:00, 2024-01-29T19:00:00+00:00]","[2.0, 3.0, 7.0, 6.0, 26.0, 20.0, 3.0, 12.0]","[0.2950000000000017, 0.40000000000000213, -0.3730000000000011, 0.21000000000000085, 0.26000000000000156, 0.120000000000001, 0.28000000000000114, 0.21199999999999974]","[1.8706404565631052, 2.4390243902439157, -2.2106323712440057, 1.2374779021803233, 1.513387660069858, 0.6857142857142914, 1.6250725478816084, 1.2079772079772064]",2024-01-30 05:16:19
XMHQ,ALGO_ADX_28,7,6,1,0.9978,0.9014,17.4286,1.0414,1.2245365072098964,0.8571428571428571,2024-01-23 15:00:00+00:00,12,ADX_28_P1.5_L1.5_AVR_1H_STOCK_RESULTS,"[2023-12-12T18:00:00+00:00, 2023-12-13T21:00:00+00:00, 2023-12-14T17:00:00+00:00, 2023-12-28T18:00:00+00:00, 2024-01-03T15:00:00+00:00, 2024-01-12T17:00:00+00:00, 2024-01-19T21:00:00+00:00, 2024-01-23T16:00:00+00:00]","[2023-12-13T20:00:00+00:00, 2023-12-14T16:00:00+00:00, 2023-12-15T15:00:00+00:00, 2024-01-02T21:00:00+00:00, 2024-01-12T16:00:00+00:00, 2024-01-19T20:00:00+00:00, 2024-01-23T15:00:00+00:00]","[9.0, 2.0, 5.0, 17.0, 50.0, 31.0, 8.0]","[1.7099999999999937, 1.8299999999999983, 0.18000000000000682, -0.8799999999999955, 1.0700000000000074, 1.509999999999991, 0.8900000000000006]","[2.0316027088036046, 2.1219851576994415, 0.20371208691716483, -0.9844501622105329, 1.2245365072098964, 1.7050587172538287, 0.9876817223393637]",2024-01-30 06:09:18
FYLD,ALGO_ADX_28,7,6,1,0.7971,0.2484,24.7143,0.9956,1.53250524278109,0.8571428571428571,2024-01-24 16:00:00+00:00,11,ADX_28_P1.5_L1.5_AVR_1H_STOCK_RESULTS,"[2023-12-12T21:00:00+00:00, 2023-12-13T21:00:00+00:00, 2023-12-14T16:00:00+00:00, 2023-12-20T18:00:00+00:00, 2023-12-29T16:00:00+00:00, 2024-01-17T17:00:00+00:00, 2024-01-19T21:00:00+00:00, 2024-01-24T17:00:00+00:00]","[2023-12-13T20:00:00+00:00, 2023-12-14T15:00:00+00:00, 2023-12-20T17:00:00+00:00, 2023-12-27T17:00:00+00:00, 2024-01-17T16:00:00+00:00, 2024-01-19T20:00:00+00:00, 2024-01-24T16:00:00+00:00]","[6.0, 1.0, 29.0, 27.0, 77.0, 17.0, 16.0]","[0.4059999999999988, 0.379999999999999, 0.2879999999999967, 0.35999999999999943, -0.5150000000000006, 0.39000000000000057, 0.4299999999999997]","[1.6625716625716573, 1.53250524278109, 1.1427664471073593, 1.4090019569471601, -1.994577846630521, 1.5415019762845872, 1.6751071289442916]",2024-01-30 05:32:17
OXLC,ALGO_ADX_28,7,6,1,0.8973,0.0476,22.7143,0.9532,1.2922465208747416,0.8571428571428571,2024-01-25 17:00:00+00:00,10,ADX_28_P1.5_L1.5_AVR_1H_STOCK_RESULTS,"[2023-12-11T20:00:00+00:00, 2023-12-13T15:00:00+00:00, 2023-12-19T18:00:00+00:00, 2023-12-27T17:00:00+00:00, 2024-01-04T20:00:00+00:00, 2024-01-18T17:00:00+00:00, 2024-01-22T18:00:00+00:00]","[2023-12-12T21:00:00+00:00, 2023-12-19T17:00:00+00:00, 2023-12-27T16:00:00+00:00, 2024-01-04T19:00:00+00:00, 2024-01-09T16:00:00+00:00, 2024-01-22T17:00:00+00:00, 2024-01-25T17:00:00+00:00]","[8.0, 30.0, 33.0, 37.0, 17.0, 14.0, 20.0]","[-0.0779999999999994, 0.06299999999999972, 0.07000000000000028, 0.08599999999999941, 0.0649999999999995, 0.0649999999999995, 0.06200000000000028]","[-1.5821501014198662, 1.3038079470198618, 1.4329580348004154, 1.732473811442373, 1.2922465208747416, 1.2820512820512722, 1.2109375000000053]",2024-01-30 05:49:57
VSEC,ALGO_ADX_28,8,7,1,0.7511,0.5619,5.2500,0.9407,1.2561810370081008,0.875,2024-01-29 16:00:00+00:00,6,ADX_28_P1.5_L1.5_AVR_1H_STOCK_RESULTS,"[2023-12-12T20:00:00+00:00, 2023-12-13T21:00:00+00:00, 2024-01-19T18:00:00+00:00, 2024-01-22T17:00:00+00:00, 2024-01-24T18:00:00+00:00, 2024-01-24T21:00:00+00:00, 2024-01-25T20:00:00+00:00, 2024-01-26T17:00:00+00:00]","[2023-12-13T20:00:00+00:00, 2023-12-14T15:00:00+00:00, 2024-01-22T16:00:00+00:00, 2024-01-24T17:00:00+00:00, 2024-01-24T20:00:00+00:00, 2024-01-25T19:00:00+00:00, 2024-01-26T16:00:00+00:00, 2024-01-29T16:00:00+00:00]","[7.0, 1.0, 5.0, 13.0, 2.0, 5.0, 3.0, 6.0]","[0.7800000000000011, 0.6099999999999994, 0.7249999999999943, -1.3200000000000003, 0.6099999999999994, 1.1850000000000023, 1.0, 0.9050000000000011]","[1.273469387755104, 0.9791332263242367, 1.2388926862610976, -2.213279678068411, 1.0551807645736022, 2.0392359318533853, 1.670564650851988, 1.482634338138927]",2024-01-30 06:07:20
PTH,ALGO_ADX_28,8,7,1,0.8258,0.3645,7.6250,0.9311,1.1983426752473785,0.875,2024-01-29 21:00:00+00:00,6,ADX_28_P1.5_L1.5_AVR_1H_STOCK_RESULTS,"[2024-01-05T16:00:00+00:00, 2024-01-08T18:00:00+00:00, 2024-01-17T16:00:00+00:00, 2024-01-18T20:00:00+00:00, 2024-01-22T18:00:00+00:00, 2024-01-24T17:00:00+00:00, 2024-01-26T21:00:00+00:00, 2024-01-29T16:00:00+00:00]","[2024-01-08T17:00:00+00:00, 2024-01-08T21:00:00+00:00, 2024-01-18T19:00:00+00:00, 2024-01-22T17:00:00+00:00, 2024-01-24T16:00:00+00:00, 2024-01-26T20:00:00+00:00, 2024-01-29T15:00:00+00:00, 2024-01-29T21:00:00+00:00]","[7.0, 3.0, 9.0, 10.0, 11.0, 16.0, 1.0, 4.0]","[0.8499999999999943, 0.6049999999999969, -0.6760000000000019, 0.47399999999999665, 0.22699999999999676, 0.33200000000000074, 0.4619999999999962, 0.6419999999999959]","[2.225130890052341, 1.535727884249262, -1.7368961973278567, 1.2300186838281, 0.5811571940604116, 0.8481720869631882, 1.166666666666657, 1.5992028895254597]",2024-01-30 05:52:37
XNTK,ALGO_ADX_28,9,8,1,0.7632,1.4980,10.8889,0.9054,1.403744982172694,0.8888888888888888,2024-01-24 16:00:00+00:00,11,ADX_28_P1.5_L1.5_AVR_1H_STOCK_RESULTS,"[2023-12-14T21:00:00+00:00, 2023-12-15T16:00:00+00:00, 2023-12-19T16:00:00+00:00, 2023-12-26T15:00:00+00:00, 2024-01-09T15:00:00+00:00, 2024-01-10T21:00:00+00:00, 2024-01-18T17:00:00+00:00, 2024-01-19T17:00:00+00:00, 2024-01-22T17:00:00+00:00]","[2023-12-15T15:00:00+00:00, 2023-12-19T15:00:00+00:00, 2023-12-20T21:00:00+00:00, 2023-12-27T15:00:00+00:00, 2024-01-10T20:00:00+00:00, 2024-01-18T16:00:00+00:00, 2024-01-19T16:00:00+00:00, 2024-01-22T16:00:00+00:00, 2024-01-24T16:00:00+00:00]","[1.0, 13.0, 12.0, 7.0, 12.0, 29.0, 6.0, 5.0, 13.0]","[1.1730000000000018, 0.9420000000000073, -3.0900000000000034, 0.10699999999999932, 2.2520000000000095, 2.630000000000024, 3.1459999999999866, 2.8799999999999955, 3.441999999999979]","[0.7276223559332559, 0.5780630591931708, -1.8861014466215, 0.06497489054463491, 1.403744982172694, 1.6167701481527166, 1.9111840106919302, 1.7179773203132895, 2.014102226513344]",2024-01-30 06:09:34
MTUM,ALGO_ADX_28,8,7,1,0.8745,1.3637,14.5000,0.8582,1.2499741479056794,0.875,2024-01-25 15:00:00+00:00,10,ADX_28_P1.5_L1.5_AVR_1H_STOCK_RESULTS,"[2023-12-12T19:00:00+00:00, 2023-12-14T16:00:00+00:00, 2023-12-18T16:00:00+00:00, 2024-01-16T16:00:00+00:00, 2024-01-17T17:00:00+00:00, 2024-01-19T15:00:00+00:00, 2024-01-22T17:00:00+00:00, 2024-01-24T19:00:00+00:00, 2024-01-25T16:00:00+00:00]","[2023-12-14T15:00:00+00:00, 2023-12-18T15:00:00+00:00, 2023-12-28T16:00:00+00:00, 2024-01-17T16:00:00+00:00, 2024-01-18T21:00:00+00:00, 2024-01-22T16:00:00+00:00, 2024-01-24T18:00:00+00:00, 2024-01-25T15:00:00+00:00]","[10.0, 13.0, 49.0, 7.0, 11.0, 8.0, 15.0, 3.0]","[1.3600000000000136, 1.6400000000000148, 2.2399999999999807, -2.1299999999999955, 2.280000000000001, 2.530000000000001, 2.9199999999999875, 0.06999999999999318]","[0.8874388254486223, 1.0644512234698609, 1.4408851151421462, -1.3265242573332476, 1.435497072341498, 1.5589377041099275, 1.7633915091490957, 0.04170638703526762]",2024-01-30 05:45:54
FBCG,ALGO_ADX_28,9,8,1,0.778,0.2218,8.2222,0.6621,0.7446743575657688,0.8888888888888888,2024-01-24 15:00:00+00:00,11,ADX_28_P1.5_L1.5_AVR_1H_STOCK_RESULTS,"[2024-01-05T17:00:00+00:00, 2024-01-08T16:00:00+00:00, 2024-01-09T16:00:00+00:00, 2024-01-10T16:00:00+00:00, 2024-01-16T16:00:00+00:00, 2024-01-17T17:00:00+00:00, 2024-01-18T16:00:00+00:00, 2024-01-19T16:00:00+00:00, 2024-01-22T16:00:00+00:00]","[2024-01-08T15:00:00+00:00, 2024-01-09T15:00:00+00:00, 2024-01-10T15:00:00+00:00, 2024-01-16T15:00:00+00:00, 2024-01-17T16:00:00+00:00, 2024-01-18T15:00:00+00:00, 2024-01-19T15:00:00+00:00, 2024-01-22T15:00:00+00:00, 2024-01-24T15:00:00+00:00]","[5.0, 6.0, 6.0, 20.0, 7.0, 5.0, 6.0, 6.0, 13.0]","[0.21600000000000108, 0.24399999999999977, 0.2600000000000051, 0.0009999999999976694, -0.4200000000000017, 0.41500000000000625, 0.20000000000000284, 0.6099999999999994, 0.46999999999999886]","[0.6662759492890006, 0.7446743575657688, 0.7859733978234739, 0.002985163736223975, -1.2507444907683196, 1.2485333493787607, 0.5931198102016692, 1.7983490566037719, 1.3698630136986267]",2024-01-30 05:28:47
ALG,ALGO_ADX_28,8,7,1,0.953,2.9100,5.8750,1.4613,1.5217205696248237,0.875,2024-01-25 16:00:00+00:00,10,ADX_28_P1_L.75_AV_1H_STOCK_RESULTS,"[2023-12-13T15:00:00+00:00, 2023-12-13T21:00:00+00:00, 2024-01-16T20:00:00+00:00, 2024-01-17T17:00:00+00:00, 2024-01-18T17:00:00+00:00, 2024-01-19T21:00:00+00:00, 2024-01-22T17:00:00+00:00, 2024-01-23T17:00:00+00:00]","[2023-12-13T20:00:00+00:00, 2023-12-14T16:00:00+00:00, 2024-01-17T16:00:00+00:00, 2024-01-18T16:00:00+00:00, 2024-01-19T20:00:00+00:00, 2024-01-22T16:00:00+00:00, 2024-01-23T16:00:00+00:00, 2024-01-25T16:00:00+00:00]","[5.0, 2.0, 3.0, 6.0, 10.0, 2.0, 6.0, 13.0]","[6.685000000000002, 7.039999999999992, -2.859999999999985, 1.1599999999999966, 2.615000000000009, 3.710000000000008, 1.289999999999992, 3.6399999999999864]","[3.4802301064632855, 3.5679894582129603, -1.4092140921409142, 0.5805515239477487, 1.299895610677541, 1.8077279150221743, 0.6196263028963889, 1.7435455285721064]",2024-01-29 17:32:14
RGEN,ALGO_ADX_28,14,13,1,0.823,2.3789,3.0000,1.3742,0.868419362475205,0.9285714285714286,2024-01-22 18:00:00+00:00,13,ADX_28_P1_L.75_AV_1H_STOCK_RESULTS,"[2023-12-12T19:00:00+00:00, 2023-12-13T17:00:00+00:00, 2023-12-13T21:00:00+00:00, 2023-12-14T17:00:00+00:00, 2023-12-21T20:00:00+00:00, 2023-12-22T16:00:00+00:00, 2023-12-26T16:00:00+00:00, 2023-12-27T16:00:00+00:00, 2024-01-18T16:00:00+00:00, 2024-01-18T19:00:00+00:00, 2024-01-18T21:00:00+00:00, 2024-01-19T16:00:00+00:00, 2024-01-19T21:00:00+00:00, 2024-01-22T16:00:00+00:00]","[2023-12-13T16:00:00+00:00, 2023-12-13T20:00:00+00:00, 2023-12-14T16:00:00+00:00, 2023-12-14T19:00:00+00:00, 2023-12-22T15:00:00+00:00, 2023-12-26T15:00:00+00:00, 2023-12-27T15:00:00+00:00, 2023-12-28T15:00:00+00:00, 2024-01-18T18:00:00+00:00, 2024-01-18T20:00:00+00:00, 2024-01-19T15:00:00+00:00, 2024-01-19T20:00:00+00:00, 2024-01-22T15:00:00+00:00, 2024-01-22T18:00:00+00:00]","[4.0, 3.0, 2.0, 2.0, 2.0, 6.0, 6.0, 6.0, 2.0, 1.0, 1.0, 4.0, 1.0, 2.0]","[1.4599999999999795, 8.074999999999989, 7.8799999999999955, -3.6799999999999784, 3.069999999999993, 0.6000000000000227, 1.4800000000000182, 3.670000000000016, 1.4350000000000023, 1.9499999999999886, 0.8000000000000114, 1.4499999999999886, 3.859999999999985, 1.2549999999999955]","[0.8884291234368695, 4.903597996052824, 4.500028553480666, -1.9930675909878566, 1.6848691070742512, 0.32656615686062307, 0.808124931746215, 1.996518333152005, 0.8484096015135405, 1.1346444780635334, 0.4592422502870329, 0.8237232289950512, 2.1670783741297917, 0.6899964263133274]",2024-01-29 18:15:35
PAX,ALGO_ADX_28,7,6,1,1.3765,0.1863,3.8571,1.2802,1.0206896551724116,0.8571428571428571,2024-01-29 17:00:00+00:00,6,ADX_28_P1_L.75_AV_1H_STOCK_RESULTS,"[2023-12-12T19:00:00+00:00, 2023-12-13T16:00:00+00:00, 2023-12-13T21:00:00+00:00, 2023-12-14T17:00:00+00:00, 2024-01-25T17:00:00+00:00, 2024-01-25T21:00:00+00:00, 2024-01-26T17:00:00+00:00]","[2023-12-13T15:00:00+00:00, 2023-12-13T20:00:00+00:00, 2023-12-14T16:00:00+00:00, 2023-12-15T16:00:00+00:00, 2024-01-25T20:00:00+00:00, 2024-01-26T16:00:00+00:00, 2024-01-29T17:00:00+00:00]","[3.0, 4.0, 2.0, 6.0, 3.0, 2.0, 7.0]","[-0.05000000000000071, 0.33999999999999986, 0.3699999999999992, 0.2400000000000002, 0.125, 0.1479999999999997, 0.13100000000000023]","[-0.34867503486750845, 2.3960535588442555, 2.525597269624568, 1.5968063872255505, 0.8713837574067619, 1.0206896551724116, 0.8997252747252762]",2024-01-29 18:10:58
PTC,ALGO_ADX_28,6,6,0,5.1478,2.0233,9.3333,1.1707,1.1922498477036008,1.0,2024-01-24 15:00:00+00:00,11,ADX_28_P1_L.75_AV_1H_STOCK_RESULTS,"[2024-01-10T17:00:00+00:00, 2024-01-11T16:00:00+00:00, 2024-01-12T15:00:00+00:00, 2024-01-19T16:00:00+00:00, 2024-01-22T16:00:00+00:00, 2024-01-23T21:00:00+00:00]","[2024-01-11T15:00:00+00:00, 2024-01-11T21:00:00+00:00, 2024-01-19T15:00:00+00:00, 2024-01-22T15:00:00+00:00, 2024-01-23T20:00:00+00:00, 2024-01-24T15:00:00+00:00]","[5.0, 5.0, 28.0, 6.0, 11.0, 1.0]","[2.2750000000000057, 1.7600000000000193, 2.5049999999999955, 2.355000000000018, 1.6500000000000057, 1.5949999999999989]","[1.351150705270976, 1.0333489901362256, 1.459662616904114, 1.3550837217331368, 0.9328358208955256, 0.891933454494617]",2024-01-29 18:13:41
NUGO,ALGO_ADX_28,6,6,0,3.7901,0.2983,10.1667,1.1510,1.125458205126467,1.0,2024-01-24 17:00:00+00:00,11,ADX_28_P1_L.75_AV_1H_STOCK_RESULTS,"[2024-01-08T16:00:00+00:00, 2024-01-09T17:00:00+00:00, 2024-01-10T19:00:00+00:00, 2024-01-18T18:00:00+00:00, 2024-01-19T18:00:00+00:00, 2024-01-22T17:00:00+00:00]","[2024-01-09T16:00:00+00:00, 2024-01-10T18:00:00+00:00, 2024-01-18T17:00:00+00:00, 2024-01-19T16:00:00+00:00, 2024-01-22T16:00:00+00:00, 2024-01-24T17:00:00+00:00]","[3.0, 7.0, 29.0, 5.0, 5.0, 12.0]","[0.34999999999999787, 0.25, 0.22999999999999687, 0.33000000000000185, 0.1999999999999993, 0.4299999999999997]","[1.3944223107569635, 0.9792401096748923, 0.8897485493230053, 1.2716763005780418, 0.7572889057175286, 1.6135084427767343]",2024-01-29 18:08:46
OTEX,ALGO_ADX_28,7,6,1,1.7979,0.4536,6.0000,1.0906,1.2966553562772751,0.8571428571428571,2024-01-25 21:00:00+00:00,10,ADX_28_P1_L.75_AV_1H_STOCK_RESULTS,"[2024-01-10T16:00:00+00:00, 2024-01-10T21:00:00+00:00, 2024-01-18T20:00:00+00:00, 2024-01-22T15:00:00+00:00, 2024-01-23T17:00:00+00:00, 2024-01-24T16:00:00+00:00, 2024-01-25T17:00:00+00:00]","[2024-01-10T20:00:00+00:00, 2024-01-11T20:00:00+00:00, 2024-01-19T21:00:00+00:00, 2024-01-23T16:00:00+00:00, 2024-01-24T15:00:00+00:00, 2024-01-25T16:00:00+00:00, 2024-01-25T21:00:00+00:00]","[4.0, 6.0, 8.0, 8.0, 5.0, 7.0, 4.0]","[0.5350000000000037, 0.5599999999999952, 0.38999999999999346, -0.12000000000000455, 0.6999999999999957, 0.5899999999999963, 0.5200000000000031]","[1.2966553562772751, 1.3474494706448392, 0.9565857247976293, -0.2892263195950941, 1.6945049624788082, 1.4084507042253434, 1.220084467386211]",2024-01-29 18:10:32
FPF,ALGO_ADX_28,9,9,0,2.0305,0.1761,16.1111,1.0712,1.0029850746268614,1.0,2024-01-29 16:00:00+00:00,6,ADX_28_P1_L.75_AV_1H_STOCK_RESULTS,"[2023-12-12T19:00:00+00:00, 2023-12-13T21:00:00+00:00, 2023-12-14T17:00:00+00:00, 2023-12-26T19:00:00+00:00, 2024-01-04T17:00:00+00:00, 2024-01-04T21:00:00+00:00, 2024-01-11T16:00:00+00:00, 2024-01-12T18:00:00+00:00, 2024-01-25T15:00:00+00:00]","[2023-12-13T20:00:00+00:00, 2023-12-14T16:00:00+00:00, 2023-12-15T19:00:00+00:00, 2024-01-04T16:00:00+00:00, 2024-01-04T20:00:00+00:00, 2024-01-08T16:00:00+00:00, 2024-01-12T17:00:00+00:00, 2024-01-24T21:00:00+00:00, 2024-01-29T16:00:00+00:00]","[8.0, 2.0, 9.0, 39.0, 3.0, 9.0, 8.0, 52.0, 15.0]","[0.3450000000000024, 0.2099999999999973, 0.00999999999999801, 0.21499999999999986, 0.14999999999999858, 0.14499999999999957, 0.16799999999999926, 0.1700000000000017, 0.1720000000000006]","[2.1800947867298732, 1.2987012987012818, 0.06075334143376676, 1.3129770992366403, 0.9074410163339297, 0.8682634730538896, 1.0029850746268614, 1.0071090047393467, 1.0023310023310057]",2024-01-29 17:51:35
IDYA,ALGO_ADX_28,10,9,1,0.8405,0.3307,2.0000,0.9560,1.3007996695748267,0.9,2024-01-12 18:00:00+00:00,23,ADX_28_P1_L.75_AV_1H_STOCK_RESULTS,"[2023-12-12T16:00:00+00:00, 2023-12-12T18:00:00+00:00, 2023-12-13T17:00:00+00:00, 2023-12-13T19:00:00+00:00, 2023-12-13T21:00:00+00:00, 2023-12-14T18:00:00+00:00, 2024-01-10T15:00:00+00:00, 2024-01-11T17:00:00+00:00, 2024-01-11T19:00:00+00:00, 2024-01-12T15:00:00+00:00]","[2023-12-12T17:00:00+00:00, 2023-12-13T16:00:00+00:00, 2023-12-13T18:00:00+00:00, 2023-12-13T20:00:00+00:00, 2023-12-14T17:00:00+00:00, 2023-12-14T20:00:00+00:00, 2024-01-10T16:00:00+00:00, 2024-01-11T18:00:00+00:00, 2024-01-11T21:00:00+00:00, 2024-01-12T18:00:00+00:00]","[1.0, 5.0, 1.0, 1.0, 3.0, 2.0, 1.0, 1.0, 2.0, 3.0]","[0.379999999999999, 0.48499999999999943, -0.7050000000000054, 0.30000000000000426, 0.6099999999999994, 0.46999999999999886, 0.30999999999999517, 0.6749999999999972, 0.17199999999999704, 0.6099999999999994]","[1.196096946805159, 1.505743557901271, -2.1549747822100116, 0.9360374414976733, 1.8597560975609742, 1.4055023923444943, 0.8589637018564565, 1.8705833448801363, 0.467925349583756, 1.6141836464673178]",2024-01-29 17:57:35
SCHG,ALGO_ADX_28,6,6,0,5.2037,0.7767,8.3333,0.9336,0.964857322561546,1.0,2024-01-24 16:00:00+00:00,11,ADX_28_P1_L.75_AV_1H_STOCK_RESULTS,"[2024-01-04T15:00:00+00:00, 2024-01-08T17:00:00+00:00, 2024-01-09T16:00:00+00:00, 2024-01-17T21:00:00+00:00, 2024-01-19T15:00:00+00:00, 2024-01-22T15:00:00+00:00]","[2024-01-08T16:00:00+00:00, 2024-01-09T15:00:00+00:00, 2024-01-10T16:00:00+00:00, 2024-01-18T16:00:00+00:00, 2024-01-19T21:00:00+00:00, 2024-01-24T16:00:00+00:00]","[15.0, 5.0, 7.0, 2.0, 6.0, 15.0]","[0.7900000000000063, 0.45999999999999375, 0.9200000000000017, 0.7800000000000011, 0.8900000000000006, 0.8200000000000074]","[0.9783281733746207, 0.5634492895639316, 1.1188130852486946, 0.9379509379509394, 1.0517608130465617, 0.9513864717484712]",2024-01-29 18:17:38
NIE,ALGO_ADX_28,7,7,0,2.6211,0.1914,10.1429,0.9200,1.0218631178707218,1.0,2024-01-22 16:00:00+00:00,13,ADX_28_P1_L.75_AV_1H_STOCK_RESULTS,"[2023-12-12T19:00:00+00:00, 2023-12-13T21:00:00+00:00, 2023-12-14T17:00:00+00:00, 2024-01-05T20:00:00+00:00, 2024-01-08T17:00:00+00:00, 2024-01-09T19:00:00+00:00, 2024-01-12T21:00:00+00:00]","[2023-12-13T20:00:00+00:00, 2023-12-14T16:00:00+00:00, 2023-12-15T15:00:00+00:00, 2024-01-08T16:00:00+00:00, 2024-01-09T18:00:00+00:00, 2024-01-11T20:00:00+00:00, 2024-01-22T16:00:00+00:00]","[8.0, 2.0, 5.0, 3.0, 8.0, 15.0, 30.0]","[0.22000000000000242, 0.21999999999999886, 0.019999999999999574, 0.19500000000000028, 0.21000000000000085, 0.21499999999999986, 0.26000000000000156]","[1.0757946210269067, 1.0658914728682114, 0.09596928982725324, 0.9452253999030552, 1.0086455331412145, 1.0218631178707218, 1.22641509433963]",2024-01-29 18:08:11
PTH,ALGO_ADX_28,9,8,1,1.093,0.3320,5.8889,0.8576,1.090871931124338,0.8888888888888888,2024-01-29 15:00:00+00:00,6,ADX_28_P1_L.75_AV_1H_STOCK_RESULTS,"[2024-01-05T16:00:00+00:00, 2024-01-08T17:00:00+00:00, 2024-01-17T16:00:00+00:00, 2024-01-18T17:00:00+00:00, 2024-01-19T15:00:00+00:00, 2024-01-19T21:00:00+00:00, 2024-01-22T18:00:00+00:00, 2024-01-24T17:00:00+00:00, 2024-01-26T18:00:00+00:00, 2024-01-29T16:00:00+00:00]","[2024-01-08T16:00:00+00:00, 2024-01-08T19:00:00+00:00, 2024-01-18T16:00:00+00:00, 2024-01-18T21:00:00+00:00, 2024-01-19T20:00:00+00:00, 2024-01-22T17:00:00+00:00, 2024-01-24T16:00:00+00:00, 2024-01-26T17:00:00+00:00, 2024-01-29T15:00:00+00:00]","[6.0, 2.0, 7.0, 3.0, 5.0, 2.0, 11.0, 13.0, 4.0]","[0.472999999999999, 0.5750000000000028, -0.46000000000000085, 0.3509999999999991, 0.3200000000000003, 0.5529999999999973, 0.22699999999999676, 0.4269999999999996, 0.5219999999999985]","[1.2382198952879553, 1.4724711907810573, -1.181911613566292, 0.9200765419801282, 0.8391241641536654, 1.4379696804222826, 0.5811571940604116, 1.090871931124338, 1.3201820940819387]",2024-01-29 18:13:40
OCSL,ALGO_ADX_28,9,8,1,1.1197,0.1676,14.8889,0.8104,0.9695836204350781,0.8888888888888888,2024-01-23 20:00:00+00:00,12,ADX_28_P1_L.75_AV_1H_STOCK_RESULTS,"[2023-12-15T19:00:00+00:00, 2023-12-19T17:00:00+00:00, 2023-12-22T19:00:00+00:00, 2023-12-29T19:00:00+00:00, 2024-01-02T17:00:00+00:00, 2024-01-03T21:00:00+00:00, 2024-01-04T16:00:00+00:00, 2024-01-16T16:00:00+00:00, 2024-01-18T16:00:00+00:00, 2024-01-23T21:00:00+00:00]","[2023-12-19T16:00:00+00:00, 2023-12-22T18:00:00+00:00, 2023-12-28T16:00:00+00:00, 2024-01-02T16:00:00+00:00, 2024-01-03T20:00:00+00:00, 2024-01-04T15:00:00+00:00, 2024-01-10T18:00:00+00:00, 2024-01-18T15:00:00+00:00, 2024-01-23T20:00:00+00:00]","[11.0, 22.0, 18.0, 4.0, 10.0, 1.0, 30.0, 13.0, 25.0]","[0.15499999999999758, 0.19699999999999918, 0.2539999999999978, -0.2129999999999974, 0.19000000000000128, 0.2950000000000017, 0.2699999999999996, 0.10000000000000142, 0.26000000000000156]","[0.7703777335983976, 0.9695836204350781, 1.2393266650402428, -1.0405471421592447, 0.9332023575638569, 1.4411333659013275, 1.287001287001285, 0.47258979206049817, 1.2212306247064424]",2024-01-29 18:09:51
SPGI,ALGO_ADX_28,7,7,0,2.225,3.5293,11.7143,0.8077,0.8445788738948338,1.0,2024-01-25 21:00:00+00:00,10,ADX_28_P1_L.75_AV_1H_STOCK_RESULTS,"[2024-01-08T17:00:00+00:00, 2024-01-11T16:00:00+00:00, 2024-01-12T16:00:00+00:00, 2024-01-17T17:00:00+00:00, 2024-01-19T16:00:00+00:00, 2024-01-22T17:00:00+00:00, 2024-01-25T16:00:00+00:00, 2024-01-26T15:00:00+00:00]","[2024-01-11T15:00:00+00:00, 2024-01-12T15:00:00+00:00, 2024-01-17T16:00:00+00:00, 2024-01-19T15:00:00+00:00, 2024-01-22T16:00:00+00:00, 2024-01-25T15:00:00+00:00, 2024-01-25T21:00:00+00:00]","[19.0, 6.0, 14.0, 12.0, 7.0, 19.0, 5.0]","[3.6299999999999955, 4.230000000000018, 3.535000000000025, 2.7799999999999727, 5.470000000000027, 0.25, 4.810000000000002]","[0.8445788738948338, 0.9797563348311525, 0.8132045088566886, 0.6337193398376887, 1.2443696255516692, 0.056150753543112546, 1.0818713450292403]",2024-01-29 18:20:12
BTZ,ALGO_ADX_28,8,7,1,1.3866,0.0826,14.3750,0.7889,0.9821452934660013,0.875,2024-01-29 16:00:00+00:00,6,ADX_28_P1_L.75_AV_1H_STOCK_RESULTS,"[2023-12-13T21:00:00+00:00, 2023-12-22T17:00:00+00:00, 2023-12-27T17:00:00+00:00, 2024-01-05T17:00:00+00:00, 2024-01-17T20:00:00+00:00, 2024-01-18T17:00:00+00:00, 2024-01-23T15:00:00+00:00, 2024-01-25T17:00:00+00:00]","[2023-12-14T16:00:00+00:00, 2023-12-27T16:00:00+00:00, 2024-01-05T16:00:00+00:00, 2024-01-08T20:00:00+00:00, 2024-01-18T16:00:00+00:00, 2024-01-22T21:00:00+00:00, 2024-01-25T16:00:00+00:00, 2024-01-29T16:00:00+00:00]","[2.0, 13.0, 41.0, 10.0, 3.0, 18.0, 15.0, 13.0]","[0.10299999999999976, 0.10800000000000054, 0.10000000000000142, 0.11999999999999922, 0.08999999999999986, -0.06999999999999851, 0.125, 0.08500000000000085]","[1.0032141813577458, 1.0514018691588836, 0.9610764055742569, 1.141226818830235, 0.8466603951081829, -0.6542056074766216, 1.1731581417175034, 0.7884972170686536]",2024-01-29 17:38:15
BRP,ALGO_ADX_28,7,6,1,0.8602,0.1941,3.2857,0.7813,0.9972078181092939,0.8571428571428571,2024-01-22 16:00:00+00:00,13,ADX_28_P1_L.75_AV_1H_STOCK_RESULTS,"[2024-01-16T15:00:00+00:00, 2024-01-16T18:00:00+00:00, 2024-01-17T17:00:00+00:00, 2024-01-18T17:00:00+00:00, 2024-01-18T21:00:00+00:00, 2024-01-19T17:00:00+00:00, 2024-01-19T20:00:00+00:00]","[2024-01-16T17:00:00+00:00, 2024-01-17T16:00:00+00:00, 2024-01-18T16:00:00+00:00, 2024-01-18T20:00:00+00:00, 2024-01-19T16:00:00+00:00, 2024-01-19T19:00:00+00:00, 2024-01-22T16:00:00+00:00]","[2.0, 5.0, 6.0, 3.0, 2.0, 2.0, 3.0]","[-0.3299999999999983, 0.21000000000000085, 0.3150000000000013, 0.3150000000000013, 0.25, 0.3589999999999982, 0.240000000000002]","[-1.3535684987694763, 0.8750000000000036, 1.2989690721649536, 1.2778904665314454, 0.9972078181092939, 1.433133732534923, 0.9404388714733621]",2024-01-29 17:37:31
WMT,ALGO_ADX_28,8,7,1,1.2047,1.2121,14.3750,0.7791,0.8552989263258619,0.875,2024-01-18 15:00:00+00:00,17,ADX_28_P1_L.75_AV_1H_STOCK_RESULTS,"[2023-12-14T17:00:00+00:00, 2023-12-18T17:00:00+00:00, 2023-12-20T17:00:00+00:00, 2023-12-21T16:00:00+00:00, 2023-12-22T17:00:00+00:00, 2024-01-08T19:00:00+00:00, 2024-01-09T21:00:00+00:00, 2024-01-10T17:00:00+00:00]","[2023-12-18T16:00:00+00:00, 2023-12-20T16:00:00+00:00, 2023-12-21T15:00:00+00:00, 2023-12-22T16:00:00+00:00, 2024-01-02T16:00:00+00:00, 2024-01-09T20:00:00+00:00, 2024-01-10T16:00:00+00:00, 2024-01-18T15:00:00+00:00]","[13.0, 13.0, 5.0, 7.0, 34.0, 8.0, 2.0, 33.0]","[2.3899999999999864, 1.2299999999999898, -0.7129999999999939, 1.8049999999999784, 2.1899999999999977, 1.299999999999983, 1.4099999999999966, 0.08499999999997954]","[1.5697865353037677, 0.7969418167681674, -0.4594960366050099, 1.164591263952499, 1.3973966309341486, 0.8254754421055865, 0.8851224105461372, 0.05287056042792781]",2024-01-29 18:29:33
TRNS,ALGO_ADX_28,9,8,1,0.8009,0.7767,2.4444,0.7783,0.6686930091185376,0.8888888888888888,2024-01-29 16:00:00+00:00,6,ADX_28_P1_L.75_AV_1H_STOCK_RESULTS,"[2023-12-12T19:00:00+00:00, 2023-12-12T21:00:00+00:00, 2023-12-13T17:00:00+00:00, 2023-12-13T21:00:00+00:00, 2023-12-14T17:00:00+00:00, 2023-12-14T20:00:00+00:00, 2024-01-25T16:00:00+00:00, 2024-01-26T18:00:00+00:00, 2024-01-29T15:00:00+00:00, 2024-01-29T17:00:00+00:00]","[2023-12-12T20:00:00+00:00, 2023-12-13T16:00:00+00:00, 2023-12-13T20:00:00+00:00, 2023-12-14T16:00:00+00:00, 2023-12-14T19:00:00+00:00, 2023-12-14T21:00:00+00:00, 2024-01-26T17:00:00+00:00, 2024-01-26T21:00:00+00:00, 2024-01-29T16:00:00+00:00]","[1.0, 2.0, 3.0, 2.0, 2.0, 1.0, 7.0, 3.0, 1.0]","[1.2950000000000017, 0.3999999999999915, 2.280000000000001, 1.730000000000004, 0.6400000000000006, 0.7950000000000017, 0.6599999999999966, -1.3199999999999932, 0.5100000000000051]","[1.3335392853465162, 0.40436716538616196, 2.3053589484327617, 1.716610438579087, 0.6204556471158512, 0.7654903471185804, 0.6686930091185376, -1.3301088270858457, 0.5206206614944928]",2024-01-29 18:24:21
FFC,ALGO_ADX_28,8,7,1,1.3051,0.1064,23.5000,0.7660,0.9392245667176353,0.875,2024-01-29 16:00:00+00:00,6,ADX_28_P1_L.75_AV_1H_STOCK_RESULTS,"[2023-12-12T19:00:00+00:00, 2023-12-13T21:00:00+00:00, 2023-12-14T17:00:00+00:00, 2023-12-15T20:00:00+00:00, 2023-12-22T17:00:00+00:00, 2024-01-10T17:00:00+00:00, 2024-01-18T17:00:00+00:00, 2024-01-25T15:00:00+00:00, 2024-01-29T17:00:00+00:00]","[2023-12-13T20:00:00+00:00, 2023-12-14T16:00:00+00:00, 2023-12-15T19:00:00+00:00, 2023-12-22T16:00:00+00:00, 2024-01-10T16:00:00+00:00, 2024-01-18T16:00:00+00:00, 2024-01-22T16:00:00+00:00, 2024-01-29T16:00:00+00:00]","[8.0, 2.0, 9.0, 31.0, 76.0, 34.0, 13.0, 15.0]","[0.14000000000000057, 0.20000000000000107, -0.07499999999999929, 0.15600000000000058, 0.15000000000000036, 0.049999999999998934, 0.11999999999999922, 0.10999999999999943]","[1.0339734121122643, 1.461988304093575, -0.538986704994605, 1.1276564984820052, 1.0729613733905603, 0.35385704175512334, 0.8444757213230064, 0.7724719101123555]",2024-01-29 17:49:59
WTFCM,ALGO_ADX_28,17,15,2,0.8227,0.1765,6.2353,0.7572,0.6299911268855344,0.8823529411764706,2024-01-25 20:00:00+00:00,10,ADX_28_P1_L.75_AV_1H_STOCK_RESULTS,"[2023-12-27T21:00:00+00:00, 2023-12-28T21:00:00+00:00, 2023-12-29T18:00:00+00:00, 2024-01-03T17:00:00+00:00, 2024-01-08T17:00:00+00:00, 2024-01-09T19:00:00+00:00, 2024-01-12T21:00:00+00:00, 2024-01-16T20:00:00+00:00, 2024-01-17T15:00:00+00:00, 2024-01-17T18:00:00+00:00, 2024-01-18T15:00:00+00:00, 2024-01-18T18:00:00+00:00, 2024-01-22T18:00:00+00:00, 2024-01-23T15:00:00+00:00, 2024-01-23T18:00:00+00:00, 2024-01-24T19:00:00+00:00, 2024-01-25T18:00:00+00:00, 2024-01-25T21:00:00+00:00]","[2023-12-28T19:00:00+00:00, 2023-12-29T17:00:00+00:00, 2024-01-03T16:00:00+00:00, 2024-01-08T16:00:00+00:00, 2024-01-09T18:00:00+00:00, 2024-01-12T20:00:00+00:00, 2024-01-16T19:00:00+00:00, 2024-01-16T21:00:00+00:00, 2024-01-17T17:00:00+00:00, 2024-01-17T21:00:00+00:00, 2024-01-18T17:00:00+00:00, 2024-01-22T17:00:00+00:00, 2024-01-22T21:00:00+00:00, 2024-01-23T17:00:00+00:00, 2024-01-24T18:00:00+00:00, 2024-01-25T17:00:00+00:00, 2024-01-25T20:00:00+00:00]","[5.0, 2.0, 11.0, 18.0, 8.0, 20.0, 5.0, 1.0, 2.0, 3.0, 2.0, 12.0, 3.0, 2.0, 6.0, 4.0, 2.0]","[0.10699999999999932, 0.14199999999999946, 0.07199999999999918, 0.33000000000000185, 0.18599999999999994, 0.4049999999999976, 0.009000000000000341, 0.03999999999999915, 0.504999999999999, -0.10000000000000142, 0.14000000000000057, 0.10999999999999943, 0.1750000000000007, -0.29499999999999815, 0.41000000000000014, 0.5839999999999996, 0.17999999999999972]","[0.4725522236452737, 0.6299911268855344, 0.3174883146661927, 1.4435695538057824, 0.7995185694635486, 1.7289220917822736, 0.03783102143758025, 0.16985138004245923, 2.1535181236673733, -0.42176296921130924, 0.5993150684931532, 0.4692832764505095, 0.7421543681085696, -1.2343096234309547, 1.7431972789115653, 2.471434617012271, 0.7493755203996657]",2024-01-29 18:29:51
AGO,ALGO_ADX_28,8,8,0,1.7547,0.5544,6.1250,0.7272,0.7066190926669462,1.0,2024-01-19 19:00:00+00:00,16,ADX_28_P1_L.75_AV_1H_STOCK_RESULTS,"[2024-01-08T19:00:00+00:00, 2024-01-09T15:00:00+00:00, 2024-01-11T17:00:00+00:00, 2024-01-12T17:00:00+00:00, 2024-01-16T16:00:00+00:00, 2024-01-17T17:00:00+00:00, 2024-01-18T17:00:00+00:00, 2024-01-19T15:00:00+00:00]","[2024-01-08T21:00:00+00:00, 2024-01-11T16:00:00+00:00, 2024-01-12T16:00:00+00:00, 2024-01-16T15:00:00+00:00, 2024-01-17T16:00:00+00:00, 2024-01-18T16:00:00+00:00, 2024-01-18T21:00:00+00:00, 2024-01-19T19:00:00+00:00]","[2.0, 15.0, 6.0, 5.0, 7.0, 6.0, 4.0, 4.0]","[0.605000000000004, 0.3149999999999977, 0.1700000000000017, 0.1599999999999966, 0.46000000000000796, 0.8799999999999955, 1.0600000000000023, 0.7849999999999966]","[0.8032395114179555, 0.42008401680335766, 0.22606382978723633, 0.21217345179683939, 0.6099986739159369, 1.1607967286637588, 1.3827289329506944, 1.0028104241185445]",2024-01-29 17:31:40
PFFD,ALGO_ADX_28,7,6,1,0.7521,0.1343,15.7143,0.6972,1.0266940451745343,0.8571428571428571,2024-01-25 19:00:00+00:00,10,ADX_28_P1_L.75_AV_1H_STOCK_RESULTS,"[2023-12-12T18:00:00+00:00, 2023-12-13T21:00:00+00:00, 2023-12-20T20:00:00+00:00, 2024-01-03T16:00:00+00:00, 2024-01-05T17:00:00+00:00, 2024-01-19T17:00:00+00:00, 2024-01-22T17:00:00+00:00, 2024-01-25T20:00:00+00:00]","[2023-12-13T20:00:00+00:00, 2023-12-14T16:00:00+00:00, 2024-01-03T15:00:00+00:00, 2024-01-05T16:00:00+00:00, 2024-01-08T15:00:00+00:00, 2024-01-22T16:00:00+00:00, 2024-01-25T19:00:00+00:00]","[9.0, 2.0, 51.0, 14.0, 5.0, 6.0, 23.0]","[0.33000000000000185, 0.259999999999998, -0.23499999999999943, 0.15000000000000213, 0.014999999999997016, 0.1999999999999993, 0.22000000000000242]","[1.7377567140600414, 1.3471502590673472, -1.2017386857581152, 0.7767995857068987, 0.07723995880533993, 1.0266940451745343, 1.1167512690355452]",2024-01-29 18:12:00
TBC,ALGO_ADX_28,7,6,1,0.6436,0.1619,16.8571,0.6726,0.9603596240294215,0.8571428571428571,2024-01-25 20:00:00+00:00,10,ADX_28_P1_L.75_AV_1H_STOCK_RESULTS,"[2023-12-12T19:00:00+00:00, 2023-12-14T15:00:00+00:00, 2023-12-14T19:00:00+00:00, 2023-12-19T20:00:00+00:00, 2024-01-05T17:00:00+00:00, 2024-01-10T18:00:00+00:00, 2024-01-16T17:00:00+00:00, 2024-01-25T21:00:00+00:00]","[2023-12-13T21:00:00+00:00, 2023-12-14T18:00:00+00:00, 2023-12-15T17:00:00+00:00, 2023-12-21T15:00:00+00:00, 2024-01-10T17:00:00+00:00, 2024-01-16T16:00:00+00:00, 2024-01-25T20:00:00+00:00]","[9.0, 3.0, 5.0, 9.0, 21.0, 19.0, 52.0]","[0.34299999999999997, 0.2749999999999986, 0.23499999999999943, 0.1999999999999993, 0.22000000000000242, -0.4499999999999993, 0.3100000000000023]","[1.4487244466970772, 1.134020618556695, 0.9603596240294215, 0.816326530612242, 0.8817635270541179, -1.785714285714283, 1.2530315278900659]",2024-01-29 18:22:30
DGRO,ALGO_ADX_28,8,8,0,1.2868,0.3461,8.6250,0.6484,0.5755402629115631,1.0,2024-01-26 15:00:00+00:00,9,ADX_28_P1_L.75_AV_1H_STOCK_RESULTS,"[2023-12-11T20:00:00+00:00, 2023-12-26T15:00:00+00:00, 2023-12-27T16:00:00+00:00, 2024-01-18T15:00:00+00:00, 2024-01-19T16:00:00+00:00, 2024-01-22T16:00:00+00:00, 2024-01-23T16:00:00+00:00, 2024-01-25T19:00:00+00:00, 2024-01-26T16:00:00+00:00]","[2023-12-13T20:00:00+00:00, 2023-12-27T15:00:00+00:00, 2023-12-29T15:00:00+00:00, 2024-01-19T15:00:00+00:00, 2024-01-22T15:00:00+00:00, 2024-01-23T15:00:00+00:00, 2024-01-25T15:00:00+00:00, 2024-01-26T15:00:00+00:00]","[14.0, 7.0, 13.0, 7.0, 6.0, 6.0, 13.0, 3.0]","[0.8800000000000026, 0.17599999999999483, 0.09100000000000108, 0.41500000000000625, 0.5500000000000043, 0.03200000000000358, 0.39000000000000057, 0.23499999999999943]","[1.6771488469601727, 0.3282112486946047, 0.16917957203145825, 0.778830815426492, 1.0238272524199632, 0.05900248916751835, 0.719689979701053, 0.43139054612207334]",2024-01-29 17:44:21
FDEV,ALGO_ADX_28,7,6,1,0.7486,0.1630,12.5714,0.6205,0.789177001127399,0.8571428571428571,2024-01-22 16:00:00+00:00,13,ADX_28_P1_L.75_AV_1H_STOCK_RESULTS,"[2023-12-18T17:00:00+00:00, 2023-12-19T19:00:00+00:00, 2024-01-03T20:00:00+00:00, 2024-01-04T17:00:00+00:00, 2024-01-11T15:00:00+00:00, 2024-01-16T18:00:00+00:00, 2024-01-17T17:00:00+00:00, 2024-01-22T17:00:00+00:00]","[2023-12-19T18:00:00+00:00, 2023-12-22T17:00:00+00:00, 2024-01-04T16:00:00+00:00, 2024-01-10T21:00:00+00:00, 2024-01-12T17:00:00+00:00, 2024-01-17T16:00:00+00:00, 2024-01-22T16:00:00+00:00]","[8.0, 19.0, 3.0, 27.0, 6.0, 5.0, 20.0]","[0.2129999999999974, 0.1980000000000004, 0.25, 0.20000000000000284, 0.21000000000000085, -0.33500000000000085, 0.40500000000000114]","[0.8168117498178371, 0.753424657534248, 0.94948727687049, 0.7538351362557116, 0.789177001127399, -1.2617702448210955, 1.542563321272143]",2024-01-29 17:49:42
HFWA,ALGO_ADX_28,9,8,1,0.6033,0.1211,4.1111,0.6020,0.8329250367466838,0.8888888888888888,2024-01-26 21:00:00+00:00,9,ADX_28_P1_L.75_AV_1H_STOCK_RESULTS,"[2024-01-18T18:00:00+00:00, 2024-01-19T20:00:00+00:00, 2024-01-22T17:00:00+00:00, 2024-01-23T17:00:00+00:00, 2024-01-24T20:00:00+00:00, 2024-01-25T16:00:00+00:00, 2024-01-25T18:00:00+00:00, 2024-01-26T15:00:00+00:00, 2024-01-26T18:00:00+00:00, 2024-01-29T15:00:00+00:00]","[2024-01-19T19:00:00+00:00, 2024-01-22T16:00:00+00:00, 2024-01-23T16:00:00+00:00, 2024-01-24T19:00:00+00:00, 2024-01-25T15:00:00+00:00, 2024-01-25T17:00:00+00:00, 2024-01-25T21:00:00+00:00, 2024-01-26T17:00:00+00:00, 2024-01-26T21:00:00+00:00]","[8.0, 3.0, 6.0, 9.0, 2.0, 1.0, 3.0, 2.0, 3.0]","[0.21499999999999986, 0.23999999999999844, 0.010000000000001563, 0.05500000000000327, -0.3550000000000004, 0.379999999999999, 0.16999999999999815, 0.27500000000000213, 0.09999999999999787]","[1.0646199554345128, 1.1782032400589024, 0.04822763443453853, 0.2651880424301026, -1.7034548944337833, 1.8830525272547027, 0.8329250367466838, 1.3610492452363383, 0.48828124999998956]",2024-01-29 17:55:18
ARCC,ALGO_ADX_28,7,6,1,0.8515,0.1170,11.7143,0.5849,0.7904130545640037,0.8571428571428571,2024-01-26 16:00:00+00:00,9,ADX_28_P1_L.75_AV_1H_STOCK_RESULTS,"[2023-12-18T16:00:00+00:00, 2023-12-19T15:00:00+00:00, 2023-12-21T15:00:00+00:00, 2023-12-22T20:00:00+00:00, 2023-12-26T17:00:00+00:00, 2024-01-18T20:00:00+00:00, 2024-01-25T16:00:00+00:00, 2024-01-26T17:00:00+00:00]","[2023-12-18T21:00:00+00:00, 2023-12-20T21:00:00+00:00, 2023-12-22T19:00:00+00:00, 2023-12-26T16:00:00+00:00, 2023-12-28T16:00:00+00:00, 2024-01-25T15:00:00+00:00, 2024-01-26T16:00:00+00:00]","[5.0, 13.0, 11.0, 3.0, 13.0, 30.0, 7.0]","[0.120000000000001, -0.19500000000000028, 0.15500000000000114, 0.1739999999999995, 0.17999999999999972, 0.13000000000000256, 0.254999999999999]","[0.6109979633401272, -0.9870918754745649, 0.7904130545640037, 0.8816822903470964, 0.9036144578313239, 0.6418168353493092, 1.253071253071248]",2024-01-29 17:33:22
FBCG,ALGO_ADX_28,12,11,1,0.7926,0.1853,5.9167,0.5534,0.6684149425745353,0.9166666666666666,2024-01-24 15:00:00+00:00,11,ADX_28_P1_L.75_AV_1H_STOCK_RESULTS,"[2024-01-05T17:00:00+00:00, 2024-01-08T16:00:00+00:00, 2024-01-09T15:00:00+00:00, 2024-01-09T20:00:00+00:00, 2024-01-10T16:00:00+00:00, 2024-01-16T16:00:00+00:00, 2024-01-17T17:00:00+00:00, 2024-01-18T16:00:00+00:00, 2024-01-19T16:00:00+00:00, 2024-01-19T21:00:00+00:00, 2024-01-22T16:00:00+00:00, 2024-01-23T16:00:00+00:00]","[2024-01-08T15:00:00+00:00, 2024-01-08T21:00:00+00:00, 2024-01-09T19:00:00+00:00, 2024-01-10T15:00:00+00:00, 2024-01-16T15:00:00+00:00, 2024-01-17T16:00:00+00:00, 2024-01-18T15:00:00+00:00, 2024-01-19T15:00:00+00:00, 2024-01-19T20:00:00+00:00, 2024-01-22T15:00:00+00:00, 2024-01-23T15:00:00+00:00, 2024-01-24T15:00:00+00:00]","[5.0, 5.0, 4.0, 2.0, 20.0, 7.0, 5.0, 6.0, 4.0, 1.0, 6.0, 6.0]","[0.21600000000000108, 0.37400000000000233, 0.3200000000000003, 0.04000000000000625, 0.0009999999999976694, -0.4200000000000017, 0.41500000000000625, 0.20000000000000284, 0.33899999999999864, 0.23000000000000398, 0.07799999999999585, 0.4299999999999997]","[0.6662759492890006, 1.1414270890557356, 0.9694032111481378, 0.12012012012013891, 0.002985163736223975, -1.2507444907683196, 1.2485333493787607, 0.5931198102016692, 0.9994103773584865, 0.67055393586007, 0.2273389682308244, 1.2518195050946135]",2024-01-29 17:49:20
SLG,ALGO_EMA_RSI_ADX_BB_CGPT,7,7,0,0.6223,0.8961,1.0000,2.1446,0.8304728158564944,1.0,2024-01-17 20:00:00+00:00,18,EMA_RSI_ADX_BB_P.5_L.5_AVR_1H_STOCK_RESULTS,"[2023-12-13T19:00:00+00:00, 2023-12-29T16:00:00+00:00, 2023-12-29T21:00:00+00:00, 2024-01-02T16:00:00+00:00, 2024-01-03T16:00:00+00:00, 2024-01-16T16:00:00+00:00, 2024-01-17T19:00:00+00:00]","[2023-12-13T20:00:00+00:00, 2023-12-29T17:00:00+00:00, 2024-01-02T15:00:00+00:00, 2024-01-02T17:00:00+00:00, 2024-01-03T17:00:00+00:00, 2024-01-16T17:00:00+00:00, 2024-01-17T20:00:00+00:00]","[1.0, 1.0, 1.0, 1.0, 1.0, 1.0, 1.0]","[4.170000000000002, 0.07000000000000028, 0.375, 1.1199999999999974, 0.07000000000000028, 0.41499999999999915, 0.05299999999999727]","[10.319227913882708, 0.15300546448087496, 0.8304728158564944, 2.487230735065506, 0.16044006417602633, 0.9364774906916374, 0.12539333286014448]",2024-01-30 20:33:19
MLAB,ALGO_EMA_RSI_ADX_BB_CGPT,7,6,1,0.731,1.7436,1.1429,1.7714,1.0782728030191582,0.8571428571428571,2024-01-10 21:00:00+00:00,25,EMA_RSI_ADX_BB_P.5_L.5_AVR_1H_STOCK_RESULTS,"[2023-12-20T21:00:00+00:00, 2024-01-03T16:00:00+00:00, 2024-01-03T19:00:00+00:00, 2024-01-03T21:00:00+00:00, 2024-01-05T18:00:00+00:00, 2024-01-10T16:00:00+00:00, 2024-01-10T20:00:00+00:00]","[2023-12-21T16:00:00+00:00, 2024-01-03T17:00:00+00:00, 2024-01-03T20:00:00+00:00, 2024-01-04T15:00:00+00:00, 2024-01-05T19:00:00+00:00, 2024-01-10T17:00:00+00:00, 2024-01-10T21:00:00+00:00]","[2.0, 1.0, 1.0, 1.0, 1.0, 1.0, 1.0]","[1.8399999999999892, 1.0999999999999943, -1.5400000000000063, 6.75, 0.9599999999999937, 0.7000000000000028, 2.394999999999996]","[1.7949468344551645, 1.0782728030191582, -1.5598095816874367, 6.937307297019528, 0.982097186700761, 0.7087172218284934, 2.4583012573774656]",2024-01-30 20:20:45
CHEF,ALGO_EMA_RSI_ADX_BB_CGPT,10,9,1,0.7999,0.2586,1.1000,0.8982,0.5383995444367208,0.9,2024-01-17 15:00:00+00:00,18,EMA_RSI_ADX_BB_P.5_L.5_AVR_1H_STOCK_RESULTS,"[2023-12-19T15:00:00+00:00, 2023-12-29T17:00:00+00:00, 2023-12-29T20:00:00+00:00, 2024-01-02T16:00:00+00:00, 2024-01-03T21:00:00+00:00, 2024-01-09T15:00:00+00:00, 2024-01-10T20:00:00+00:00, 2024-01-11T17:00:00+00:00, 2024-01-16T19:00:00+00:00, 2024-01-16T21:00:00+00:00]","[2023-12-19T16:00:00+00:00, 2023-12-29T18:00:00+00:00, 2023-12-29T21:00:00+00:00, 2024-01-02T17:00:00+00:00, 2024-01-04T16:00:00+00:00, 2024-01-09T16:00:00+00:00, 2024-01-10T21:00:00+00:00, 2024-01-11T18:00:00+00:00, 2024-01-16T20:00:00+00:00, 2024-01-17T15:00:00+00:00]","[1.0, 1.0, 1.0, 1.0, 2.0, 1.0, 1.0, 1.0, 1.0, 1.0]","[-0.08999999999999986, 0.029999999999997584, 0.03999999999999915, 0.3210000000000015, 1.009999999999998, 0.03999999999999915, 0.28999999999999915, 0.634999999999998, 0.14000000000000057, 0.16999999999999815]","[-0.3082191780821913, 0.10183299389001216, 0.136193394620358, 1.1088082901554457, 3.5401331931300315, 0.13422818791946023, 0.9965635738831585, 2.1957123098201867, 0.4861111111111131, 0.5906879777623285]",2024-01-30 19:56:19
AER,ALGO_EMA_RSI_ADX_BB_CGPT,9,8,1,0.9335,0.5489,1.0000,0.7661,0.4852378348824549,0.8888888888888888,2024-01-17 17:00:00+00:00,18,EMA_RSI_ADX_BB_P.5_L.5_AVR_1H_STOCK_RESULTS,"[2023-12-18T21:00:00+00:00, 2023-12-20T21:00:00+00:00, 2024-01-02T20:00:00+00:00, 2024-01-03T16:00:00+00:00, 2024-01-03T18:00:00+00:00, 2024-01-03T21:00:00+00:00, 2024-01-16T18:00:00+00:00, 2024-01-16T20:00:00+00:00, 2024-01-17T16:00:00+00:00]","[2023-12-19T15:00:00+00:00, 2023-12-21T15:00:00+00:00, 2024-01-02T21:00:00+00:00, 2024-01-03T17:00:00+00:00, 2024-01-03T19:00:00+00:00, 2024-01-04T15:00:00+00:00, 2024-01-16T19:00:00+00:00, 2024-01-16T21:00:00+00:00, 2024-01-17T17:00:00+00:00]","[1.0, 1.0, 1.0, 1.0, 1.0, 1.0, 1.0, 1.0, 1.0]","[0.45999999999999375, 1.394999999999996, 0.4000000000000057, 0.10999999999999943, 0.1700000000000017, 1.75, -0.030000000000001137, 0.3299999999999983, 0.355000000000004]","[0.6323024054982732, 1.9412747008071194, 0.5557871335278668, 0.15536723163841729, 0.23920078795553923, 2.4766487404472124, -0.04081077404434925, 0.4495300367797279, 0.4852378348824549]",2024-01-30 19:47:47
AAP,ALGO_EMA_RSI_ADX_BB_CGPT,7,7,0,0.7299,0.4071,1.0000,0.6667,0.3056083257619596,1.0,2024-01-17 20:00:00+00:00,18,EMA_RSI_ADX_BB_P.5_L.5_AVR_1H_STOCK_RESULTS,"[2024-01-02T15:00:00+00:00, 2024-01-04T17:00:00+00:00, 2024-01-04T20:00:00+00:00, 2024-01-10T19:00:00+00:00, 2024-01-11T15:00:00+00:00, 2024-01-17T17:00:00+00:00, 2024-01-17T19:00:00+00:00]","[2024-01-02T16:00:00+00:00, 2024-01-04T18:00:00+00:00, 2024-01-04T21:00:00+00:00, 2024-01-10T20:00:00+00:00, 2024-01-11T16:00:00+00:00, 2024-01-17T18:00:00+00:00, 2024-01-17T20:00:00+00:00]","[1.0, 1.0, 1.0, 1.0, 1.0, 1.0, 1.0]","[1.7399999999999949, 0.18500000000000227, 0.15500000000000114, 0.10000000000000142, 0.259999999999998, 0.09000000000000341, 0.3200000000000003]","[2.8373420301671337, 0.3056083257619596, 0.25689898069114303, 0.1648261084555817, 0.42601999016876624, 0.14805066622800364, 0.5283143470364872]",2024-01-30 19:46:57
CMI,ALGO_EMA_RSI_ADX_BB_CGPT,9,9,0,1.2323,1.2340,1.4444,0.5198,0.7045818918234695,1.0,2024-01-16 21:00:00+00:00,19,EMA_RSI_ADX_BB_P.5_L.5_AVR_1H_STOCK_RESULTS,"[2023-12-20T21:00:00+00:00, 2023-12-22T16:00:00+00:00, 2023-12-22T21:00:00+00:00, 2023-12-28T15:00:00+00:00, 2024-01-03T16:00:00+00:00, 2024-01-05T15:00:00+00:00, 2024-01-11T16:00:00+00:00, 2024-01-16T16:00:00+00:00, 2024-01-16T19:00:00+00:00]","[2023-12-21T15:00:00+00:00, 2023-12-22T18:00:00+00:00, 2023-12-26T15:00:00+00:00, 2023-12-28T16:00:00+00:00, 2024-01-03T17:00:00+00:00, 2024-01-05T16:00:00+00:00, 2024-01-11T18:00:00+00:00, 2024-01-16T18:00:00+00:00, 2024-01-16T21:00:00+00:00]","[1.0, 2.0, 1.0, 1.0, 1.0, 1.0, 2.0, 2.0, 2.0]","[2.210000000000008, 1.6699999999999875, 2.2150000000000034, 0.04999999999998295, 2.180000000000007, 2.1899999999999977, 0.18000000000000682, 0.05099999999998772, 0.36000000000001364]","[0.9188043071550359, 0.7045818918234695, 0.9345597232184311, 0.020875083500326883, 0.9219708183548349, 0.925378179667032, 0.07627118644068086, 0.02174385736029048, 0.15357706582484265]",2024-01-30 19:57:02
GOLF,ALGO_EMA_RSI_ADX_BB_CGPT,9,9,0,1.1168,0.3144,1.0000,0.5020,0.3393116820164822,1.0,2024-01-30 17:00:00+00:00,5,EMA_RSI_ADX_BB_P.5_L.5_AVR_1H_STOCK_RESULTS,"[2023-12-20T21:00:00+00:00, 2023-12-29T17:00:00+00:00, 2023-12-29T19:00:00+00:00, 2023-12-29T21:00:00+00:00, 2024-01-02T16:00:00+00:00, 2024-01-03T16:00:00+00:00, 2024-01-03T19:00:00+00:00, 2024-01-03T21:00:00+00:00, 2024-01-30T16:00:00+00:00]","[2023-12-21T15:00:00+00:00, 2023-12-29T18:00:00+00:00, 2023-12-29T20:00:00+00:00, 2024-01-02T15:00:00+00:00, 2024-01-02T17:00:00+00:00, 2024-01-03T17:00:00+00:00, 2024-01-03T20:00:00+00:00, 2024-01-04T15:00:00+00:00, 2024-01-30T17:00:00+00:00]","[1.0, 1.0, 1.0, 1.0, 1.0, 1.0, 1.0, 1.0, 1.0]","[0.9500000000000028, 0.10000000000000142, 0.11999999999999744, 0.01999999999999602, 0.5349999999999966, 0.17499999999999716, 0.21000000000000085, 0.30000000000000426, 0.4200000000000017]","[1.5349814186459894, 0.1578282828282851, 0.18987341772151492, 0.03166059838530318, 0.8506916838925053, 0.2807186397176727, 0.3393116820164822, 0.48653908530652656, 0.6461538461538489]",2024-01-30 20:09:45
ITA,ALGO_EMA_RSI_ADX_BB_CGPT,7,7,0,1.158,0.6091,1.4286,0.4963,0.3941210279990063,1.0,2024-01-25 17:00:00+00:00,10,EMA_RSI_ADX_BB_P.5_L.5_AVR_1H_STOCK_RESULTS,"[2023-12-20T21:00:00+00:00, 2024-01-02T20:00:00+00:00, 2024-01-03T21:00:00+00:00, 2024-01-08T16:00:00+00:00, 2024-01-09T16:00:00+00:00, 2024-01-09T18:00:00+00:00, 2024-01-25T16:00:00+00:00]","[2023-12-21T15:00:00+00:00, 2024-01-03T15:00:00+00:00, 2024-01-04T16:00:00+00:00, 2024-01-08T18:00:00+00:00, 2024-01-09T17:00:00+00:00, 2024-01-09T19:00:00+00:00, 2024-01-25T17:00:00+00:00]","[1.0, 2.0, 2.0, 2.0, 1.0, 1.0, 1.0]","[1.3499999999999943, 0.028999999999996362, 1.1700000000000017, 0.47999999999998977, 0.10499999999998977, 0.12999999999999545, 1.0]","[1.0886218853318235, 0.02316460448434501, 0.9456073708882258, 0.3941210279990063, 0.0865586744157205, 0.10703993412926756, 0.829324929507381]",2024-01-30 20:15:08
BLK,ALGO_EMA_RSI_ADX_BB_CGPT,10,10,0,1.5175,3.8632,1.1000,0.4903,0.4593283211154272,1.0,2024-01-29 21:00:00+00:00,6,EMA_RSI_ADX_BB_P.5_L.5_AVR_1H_STOCK_RESULTS,"[2023-12-20T21:00:00+00:00, 2024-01-02T16:00:00+00:00, 2024-01-02T20:00:00+00:00, 2024-01-03T16:00:00+00:00, 2024-01-03T19:00:00+00:00, 2024-01-03T21:00:00+00:00, 2024-01-23T16:00:00+00:00, 2024-01-24T21:00:00+00:00, 2024-01-29T18:00:00+00:00, 2024-01-29T20:00:00+00:00]","[2023-12-21T15:00:00+00:00, 2024-01-02T17:00:00+00:00, 2024-01-02T21:00:00+00:00, 2024-01-03T18:00:00+00:00, 2024-01-03T20:00:00+00:00, 2024-01-04T15:00:00+00:00, 2024-01-23T17:00:00+00:00, 2024-01-25T15:00:00+00:00, 2024-01-29T19:00:00+00:00, 2024-01-29T21:00:00+00:00]","[1.0, 1.0, 1.0, 2.0, 1.0, 1.0, 1.0, 1.0, 1.0, 1.0]","[7.384999999999991, 4.014999999999986, 3.105000000000018, 3.259999999999991, 0.12999999999999545, 4.141999999999939, 2.8350000000000364, 6.8799999999999955, 0.05000000000006821, 6.830000000000041]","[0.9361847776481911, 0.5036977562554477, 0.38925627605227925, 0.4149588859754068, 0.016499346372046992, 0.5279055836657625, 0.35919949826102293, 0.8753737515109097, 0.0063936983708943775, 0.8739156025283468]",2024-01-30 19:53:24
WIRE,ALGO_EMA_RSI_ADX_BB_CGPT,7,6,1,1.0915,1.0007,1.1429,0.4869,0.40659004911984253,0.8571428571428571,2024-01-18 19:00:00+00:00,17,EMA_RSI_ADX_BB_P.5_L.5_AVR_1H_STOCK_RESULTS,"[2023-12-13T17:00:00+00:00, 2023-12-29T16:00:00+00:00, 2024-01-09T16:00:00+00:00, 2024-01-16T18:00:00+00:00, 2024-01-16T20:00:00+00:00, 2024-01-17T18:00:00+00:00, 2024-01-18T18:00:00+00:00]","[2023-12-13T18:00:00+00:00, 2023-12-29T18:00:00+00:00, 2024-01-09T17:00:00+00:00, 2024-01-16T19:00:00+00:00, 2024-01-16T21:00:00+00:00, 2024-01-17T19:00:00+00:00, 2024-01-18T19:00:00+00:00]","[1.0, 2.0, 1.0, 1.0, 1.0, 1.0, 1.0]","[1.579999999999984, 0.8650000000000091, 2.6599999999999966, 0.6299999999999955, 0.009999999999990905, -0.10000000000002274, 1.3599999999999852]","[0.8220175849331377, 0.40659004911984253, 1.2723011431577924, 0.29770343067762756, 0.004726121272267548, -0.047544335092484534, 0.6523094632836036]",2024-01-30 20:43:23
ZD,ALGO_EMA_RSI_ADX_BB_CGPT,7,7,0,1.5594,0.2829,1.4286,0.4290,0.32679738562093447,1.0,2024-01-09 21:00:00+00:00,26,EMA_RSI_ADX_BB_P.5_L.5_AVR_1H_STOCK_RESULTS,"[2023-12-12T18:00:00+00:00, 2023-12-29T16:00:00+00:00, 2024-01-02T16:00:00+00:00, 2024-01-03T16:00:00+00:00, 2024-01-04T16:00:00+00:00, 2024-01-04T18:00:00+00:00, 2024-01-09T20:00:00+00:00]","[2023-12-12T19:00:00+00:00, 2023-12-29T20:00:00+00:00, 2024-01-02T17:00:00+00:00, 2024-01-03T17:00:00+00:00, 2024-01-04T17:00:00+00:00, 2024-01-04T19:00:00+00:00, 2024-01-09T21:00:00+00:00]","[1.0, 4.0, 1.0, 1.0, 1.0, 1.0, 1.0]","[0.04999999999999716, 0.22000000000001307, 0.6499999999999915, 0.18999999999999773, 0.3100000000000023, 0.1799999999999926, 0.37999999999999545]","[0.08032128514055768, 0.32679738562093447, 0.9724715739078268, 0.28800970137941145, 0.475168608215822, 0.27569306172460195, 0.5842558425584186]",2024-01-30 20:44:53
KREF,ALGO_EMA_RSI_ADX_BB_CGPT,7,7,0,1.157,0.0550,1.0000,0.4208,0.3045298819946778,1.0,2024-01-12 19:00:00+00:00,23,EMA_RSI_ADX_BB_P.5_L.5_AVR_1H_STOCK_RESULTS,"[2023-12-27T20:00:00+00:00, 2023-12-29T16:00:00+00:00, 2023-12-29T18:00:00+00:00, 2024-01-02T16:00:00+00:00, 2024-01-03T16:00:00+00:00, 2024-01-03T21:00:00+00:00, 2024-01-12T18:00:00+00:00]","[2023-12-27T21:00:00+00:00, 2023-12-29T17:00:00+00:00, 2023-12-29T19:00:00+00:00, 2024-01-02T17:00:00+00:00, 2024-01-03T17:00:00+00:00, 2024-01-04T15:00:00+00:00, 2024-01-12T19:00:00+00:00]","[1.0, 1.0, 1.0, 1.0, 1.0, 1.0, 1.0]","[0.019999999999999574, 0.040000000000000924, 0.03500000000000014, 0.16000000000000014, 0.0600000000000005, 0.009999999999999787, 0.0600000000000005]","[0.14790711433219622, 0.3045298819946778, 0.26515151515151625, 1.2167300380228148, 0.46511627906977127, 0.0778210116731501, 0.46801872074883377]",2024-01-30 20:17:45
OMC,ALGO_EMA_RSI_ADX_BB_CGPT,7,6,1,0.9642,0.3443,1.0000,0.4080,0.31231925968767615,0.8571428571428571,2024-01-18 19:00:00+00:00,17,EMA_RSI_ADX_BB_P.5_L.5_AVR_1H_STOCK_RESULTS,"[2023-12-13T19:00:00+00:00, 2023-12-29T17:00:00+00:00, 2024-01-02T15:00:00+00:00, 2024-01-03T21:00:00+00:00, 2024-01-04T20:00:00+00:00, 2024-01-17T19:00:00+00:00, 2024-01-18T18:00:00+00:00]","[2023-12-13T20:00:00+00:00, 2023-12-29T18:00:00+00:00, 2024-01-02T16:00:00+00:00, 2024-01-04T15:00:00+00:00, 2024-01-04T21:00:00+00:00, 2024-01-17T20:00:00+00:00, 2024-01-18T19:00:00+00:00]","[1.0, 1.0, 1.0, 1.0, 1.0, 1.0, 1.0]","[1.105000000000004, 0.18500000000000227, 0.269999999999996, 0.4100000000000108, 0.3299999999999983, 0.1599999999999966, -0.05000000000001137]","[1.331325301204824, 0.21461716937355252, 0.31231925968767615, 0.4825800376647962, 0.3893345917885775, 0.18315018315017925, -0.057372346528986075]",2024-01-30 20:24:38
SPTN,ALGO_EMA_RSI_ADX_BB_CGPT,9,8,1,1.0441,0.0922,1.1111,0.4045,0.30146425495262824,0.8888888888888888,2024-01-09 20:00:00+00:00,26,EMA_RSI_ADX_BB_P.5_L.5_AVR_1H_STOCK_RESULTS,"[2023-12-12T20:00:00+00:00, 2023-12-13T15:00:00+00:00, 2023-12-21T20:00:00+00:00, 2023-12-29T17:00:00+00:00, 2024-01-05T20:00:00+00:00, 2024-01-08T16:00:00+00:00, 2024-01-08T18:00:00+00:00, 2024-01-09T16:00:00+00:00, 2024-01-09T19:00:00+00:00]","[2023-12-12T21:00:00+00:00, 2023-12-13T16:00:00+00:00, 2023-12-21T21:00:00+00:00, 2023-12-29T18:00:00+00:00, 2024-01-05T21:00:00+00:00, 2024-01-08T17:00:00+00:00, 2024-01-08T19:00:00+00:00, 2024-01-09T18:00:00+00:00, 2024-01-09T20:00:00+00:00]","[1.0, 1.0, 1.0, 1.0, 1.0, 1.0, 1.0, 2.0, 1.0]","[0.0, 0.09499999999999886, 0.18999999999999773, 0.13000000000000256, 0.07000000000000028, 0.019999999999999574, 0.0259999999999998, 0.030000000000001137, 0.26899999999999835]","[0.0, 0.41822584195465057, 0.8300567933595357, 0.5681818181818293, 0.30146425495262824, 0.08648648648648465, 0.11277869350221133, 0.13186813186813687, 1.1917947809135543]",2024-01-30 20:34:58
BPOP,ALGO_EMA_RSI_ADX_BB_CGPT,7,6,1,0.6752,0.3111,1.1429,0.3854,0.25053238131028793,0.8571428571428571,2024-01-12 18:00:00+00:00,23,EMA_RSI_ADX_BB_P.5_L.5_AVR_1H_STOCK_RESULTS,"[2023-12-13T15:00:00+00:00, 2024-01-03T16:00:00+00:00, 2024-01-03T21:00:00+00:00, 2024-01-04T18:00:00+00:00, 2024-01-04T21:00:00+00:00, 2024-01-11T16:00:00+00:00, 2024-01-12T17:00:00+00:00]","[2023-12-13T16:00:00+00:00, 2024-01-03T17:00:00+00:00, 2024-01-04T15:00:00+00:00, 2024-01-04T19:00:00+00:00, 2024-01-05T15:00:00+00:00, 2024-01-11T18:00:00+00:00, 2024-01-12T18:00:00+00:00]","[1.0, 1.0, 1.0, 1.0, 1.0, 2.0, 1.0]","[-0.36700000000000443, 0.44999999999998863, 0.09000000000000341, 0.20000000000000284, 1.1850000000000023, 0.18999999999999773, 0.4300000000000068]","[-0.47923739879864774, 0.5597014925372993, 0.11200995644057674, 0.25053238131028793, 1.4847763438165673, 0.23474178403755588, 0.5353918944157465]",2024-01-30 19:53:48
FID,ALGO_EMA_RSI_ADX_BB_CGPT,7,6,1,0.8942,0.0583,1.4286,0.3715,0.32782670180626183,0.8571428571428571,2024-01-29 17:00:00+00:00,6,EMA_RSI_ADX_BB_P.5_L.5_AVR_1H_STOCK_RESULTS,"[2023-12-20T21:00:00+00:00, 2024-01-11T18:00:00+00:00, 2024-01-16T17:00:00+00:00, 2024-01-16T20:00:00+00:00, 2024-01-17T16:00:00+00:00, 2024-01-17T21:00:00+00:00, 2024-01-29T16:00:00+00:00]","[2023-12-21T17:00:00+00:00, 2024-01-11T19:00:00+00:00, 2024-01-16T19:00:00+00:00, 2024-01-16T21:00:00+00:00, 2024-01-17T20:00:00+00:00, 2024-01-18T15:00:00+00:00, 2024-01-29T17:00:00+00:00]","[1.0, 1.0, 2.0, 1.0, 3.0, 1.0, 1.0]","[0.19299999999999962, 0.08999999999999808, -0.006000000000000227, 0.005000000000000782, 0.051000000000000156, 0.0519999999999996, 0.022999999999999687]","[1.2364661413287181, 0.5635566687539015, -0.03790271636134067, 0.0315656565656615, 0.32782670180626183, 0.33316248077908506, 0.14596687186647006]",2024-01-30 20:05:57
NVS,ALGO_EMA_RSI_ADX_BB_CGPT,7,6,1,0.7669,0.3600,1.1429,0.3645,0.1218597675290546,0.8571428571428571,2024-01-25 17:00:00+00:00,10,EMA_RSI_ADX_BB_P.5_L.5_AVR_1H_STOCK_RESULTS,"[2023-12-15T17:00:00+00:00, 2023-12-15T19:00:00+00:00, 2023-12-15T21:00:00+00:00, 2023-12-20T21:00:00+00:00, 2023-12-26T15:00:00+00:00, 2024-01-23T16:00:00+00:00, 2024-01-25T16:00:00+00:00]","[2023-12-15T18:00:00+00:00, 2023-12-15T20:00:00+00:00, 2023-12-18T15:00:00+00:00, 2023-12-21T16:00:00+00:00, 2023-12-26T16:00:00+00:00, 2024-01-23T17:00:00+00:00, 2024-01-25T17:00:00+00:00]","[1.0, 1.0, 1.0, 2.0, 1.0, 1.0, 1.0]","[0.09999999999999432, 0.030000000000001137, 0.9099999999999966, 1.1499999999999915, -0.10999999999999943, 0.3100000000000023, 0.12999999999999545]","[0.10256410256409673, 0.03081980686254483, 0.9342915811088259, 1.1837364899639644, -0.11162979500710313, 0.2898279730740485, 0.1218597675290546]",2024-01-30 20:23:59
ATEN,ALGO_EMA_RSI_ADX_BB_CGPT,9,8,1,0.8284,0.0444,1.1111,0.3406,0.23130300693908526,0.8888888888888888,2024-01-29 20:00:00+00:00,6,EMA_RSI_ADX_BB_P.5_L.5_AVR_1H_STOCK_RESULTS,"[2023-12-21T18:00:00+00:00, 2023-12-21T20:00:00+00:00, 2024-01-02T16:00:00+00:00, 2024-01-02T18:00:00+00:00, 2024-01-03T21:00:00+00:00, 2024-01-04T17:00:00+00:00, 2024-01-17T21:00:00+00:00, 2024-01-29T16:00:00+00:00, 2024-01-29T19:00:00+00:00]","[2023-12-21T19:00:00+00:00, 2023-12-21T21:00:00+00:00, 2024-01-02T17:00:00+00:00, 2024-01-02T19:00:00+00:00, 2024-01-04T15:00:00+00:00, 2024-01-04T18:00:00+00:00, 2024-01-18T15:00:00+00:00, 2024-01-29T18:00:00+00:00, 2024-01-29T20:00:00+00:00]","[1.0, 1.0, 1.0, 1.0, 1.0, 1.0, 1.0, 2.0, 1.0]","[0.005000000000000782, 0.1750000000000007, 0.04499999999999993, 0.02999999999999936, 0.04499999999999993, 0.019999999999999574, 0.06999999999999851, 0.025000000000000355, -0.014999999999998792]","[0.03840245775730247, 1.3430544896392995, 0.34816247582204973, 0.23130300693908526, 0.35060381768601423, 0.1556420233463002, 0.5231689088191218, 0.18491124260355293, -0.11029411764704995]",2024-01-30 19:50:30
POR,ALGO_EMA_RSI_ADX_BB_CGPT,6,6,0,0.9821,0.1385,1.3333,0.3267,0.1658207376622001,1.0,2024-01-12 15:00:00+00:00,23,EMA_RSI_ADX_BB_P.5_L.5_AVR_1H_STOCK_RESULTS,"[2023-12-20T21:00:00+00:00, 2024-01-09T16:00:00+00:00, 2024-01-10T17:00:00+00:00, 2024-01-11T16:00:00+00:00, 2024-01-11T19:00:00+00:00, 2024-01-11T21:00:00+00:00]","[2023-12-21T15:00:00+00:00, 2024-01-09T18:00:00+00:00, 2024-01-10T18:00:00+00:00, 2024-01-11T18:00:00+00:00, 2024-01-11T20:00:00+00:00, 2024-01-12T15:00:00+00:00]","[1.0, 2.0, 1.0, 2.0, 1.0, 1.0]","[0.3509999999999991, 0.01999999999999602, 0.020000000000003126, 0.29999999999999716, 0.05000000000000426, 0.09000000000000341]","[0.823885641856205, 0.04584001833599821, 0.045924225028709825, 0.7130972189208394, 0.1179662616491784, 0.2136752136752218]",2024-01-30 20:27:19
MA,ALGO_EMA_RSI_ADX_BB_CGPT,6,6,0,1.1156,1.3472,1.1667,0.3146,0.21029599775802882,1.0,2024-01-26 16:00:00+00:00,9,EMA_RSI_ADX_BB_P.5_L.5_AVR_1H_STOCK_RESULTS,"[2024-01-02T16:00:00+00:00, 2024-01-02T18:00:00+00:00, 2024-01-03T16:00:00+00:00, 2024-01-03T18:00:00+00:00, 2024-01-25T18:00:00+00:00, 2024-01-26T15:00:00+00:00]","[2024-01-02T17:00:00+00:00, 2024-01-02T19:00:00+00:00, 2024-01-03T17:00:00+00:00, 2024-01-03T19:00:00+00:00, 2024-01-25T20:00:00+00:00, 2024-01-26T16:00:00+00:00]","[1.0, 1.0, 1.0, 1.0, 2.0, 1.0]","[1.5749999999999886, 1.150000000000034, 0.4689999999999941, 0.4289999999999736, 0.6399999999999864, 3.819999999999993]","[0.3740515122368253, 0.27380300469037266, 0.11209395815955442, 0.10245314380695192, 0.14678899082568495, 0.8784032376747593]",2024-01-30 20:19:15
EXLS,ALGO_EMA_RSI_ADX_BB_CGPT,9,8,1,0.737,0.0956,1.0000,0.3119,0.19841269841270595,0.8888888888888888,2024-01-25 21:00:00+00:00,10,EMA_RSI_ADX_BB_P.5_L.5_AVR_1H_STOCK_RESULTS,"[2023-12-21T15:00:00+00:00, 2024-01-02T16:00:00+00:00, 2024-01-03T21:00:00+00:00, 2024-01-05T18:00:00+00:00, 2024-01-05T20:00:00+00:00, 2024-01-08T15:00:00+00:00, 2024-01-17T15:00:00+00:00, 2024-01-25T18:00:00+00:00, 2024-01-25T20:00:00+00:00]","[2023-12-21T16:00:00+00:00, 2024-01-02T17:00:00+00:00, 2024-01-04T15:00:00+00:00, 2024-01-05T19:00:00+00:00, 2024-01-05T21:00:00+00:00, 2024-01-08T16:00:00+00:00, 2024-01-17T16:00:00+00:00, 2024-01-25T19:00:00+00:00, 2024-01-25T21:00:00+00:00]","[1.0, 1.0, 1.0, 1.0, 1.0, 1.0, 1.0, 1.0, 1.0]","[0.060000000000002274, 0.14000000000000057, 0.08000000000000185, 0.0400000000000027, 0.00999999999999801, 0.054999999999999716, 0.41000000000000014, -0.07000000000000028, 0.134999999999998]","[0.19841269841270595, 0.4654255319148955, 0.2669336002669398, 0.13449899125757464, 0.03376097231599598, 0.18443997317236657, 1.322580645161291, -0.2171889543903205, 0.4185397612773151]",2024-01-30 20:04:58
REYN,ALGO_EMA_RSI_ADX_BB_CGPT,7,6,1,0.8017,0.0819,1.0000,0.3090,0.22471910112360402,0.8571428571428571,2024-01-05 21:00:00+00:00,30,EMA_RSI_ADX_BB_P.5_L.5_AVR_1H_STOCK_RESULTS,"[2023-12-15T16:00:00+00:00, 2023-12-18T21:00:00+00:00, 2023-12-29T17:00:00+00:00, 2023-12-29T19:00:00+00:00, 2024-01-04T16:00:00+00:00, 2024-01-05T18:00:00+00:00, 2024-01-05T20:00:00+00:00]","[2023-12-15T17:00:00+00:00, 2023-12-19T15:00:00+00:00, 2023-12-29T18:00:00+00:00, 2023-12-29T20:00:00+00:00, 2024-01-04T17:00:00+00:00, 2024-01-05T19:00:00+00:00, 2024-01-05T21:00:00+00:00]","[1.0, 1.0, 1.0, 1.0, 1.0, 1.0, 1.0]","[-0.03999999999999915, 0.2829999999999977, 0.004999999999999005, 0.060000000000002274, 0.129999999999999, 0.03999999999999915, 0.09500000000000242]","[-0.15186028853454497, 1.0760456273764172, 0.018705574261126096, 0.22471910112360402, 0.4872563718140892, 0.15037593984962083, 0.3576807228915754]",2024-01-30 20:29:46
ALEX,ALGO_EMA_RSI_ADX_BB_CGPT,9,8,1,0.7193,0.0451,1.1111,0.2429,0.2196595277320107,0.8888888888888888,2024-01-09 20:00:00+00:00,26,EMA_RSI_ADX_BB_P.5_L.5_AVR_1H_STOCK_RESULTS,"[2024-01-03T16:00:00+00:00, 2024-01-03T21:00:00+00:00, 2024-01-04T18:00:00+00:00, 2024-01-04T21:00:00+00:00, 2024-01-05T18:00:00+00:00, 2024-01-05T20:00:00+00:00, 2024-01-08T15:00:00+00:00, 2024-01-09T16:00:00+00:00, 2024-01-09T19:00:00+00:00]","[2024-01-03T17:00:00+00:00, 2024-01-04T16:00:00+00:00, 2024-01-04T19:00:00+00:00, 2024-01-05T15:00:00+00:00, 2024-01-05T19:00:00+00:00, 2024-01-05T21:00:00+00:00, 2024-01-08T16:00:00+00:00, 2024-01-09T17:00:00+00:00, 2024-01-09T20:00:00+00:00]","[1.0, 2.0, 1.0, 1.0, 1.0, 1.0, 1.0, 1.0, 1.0]","[0.0400000000000027, 0.13100000000000023, 0.05000000000000071, 0.125, 0.029999999999997584, -0.0849999999999973, 0.05000000000000071, 0.03999999999999915, 0.02499999999999858]","[0.21186440677967533, 0.701284796573877, 0.26852846401718966, 0.6753106428957321, 0.1628664495113875, -0.46283691805062516, 0.27188689505166236, 0.2196595277320107, 0.1372495196266735]",2024-01-30 19:48:31
LGLV,ALGO_EMA_RSI_ADX_BB_CGPT,8,7,1,1.0615,0.3438,1.6250,0.2381,0.20828655044959749,0.875,2024-01-25 16:00:00+00:00,10,EMA_RSI_ADX_BB_P.5_L.5_AVR_1H_STOCK_RESULTS,"[2023-12-20T20:00:00+00:00, 2023-12-21T18:00:00+00:00, 2024-01-03T21:00:00+00:00, 2024-01-05T18:00:00+00:00, 2024-01-11T17:00:00+00:00, 2024-01-17T18:00:00+00:00, 2024-01-18T18:00:00+00:00, 2024-01-24T21:00:00+00:00]","[2023-12-21T16:00:00+00:00, 2023-12-21T19:00:00+00:00, 2024-01-04T16:00:00+00:00, 2024-01-05T19:00:00+00:00, 2024-01-11T20:00:00+00:00, 2024-01-17T20:00:00+00:00, 2024-01-18T19:00:00+00:00, 2024-01-25T16:00:00+00:00]","[3.0, 1.0, 1.0, 1.0, 2.0, 2.0, 1.0, 2.0]","[-0.103999999999985, 0.15000000000000568, 0.8899999999999864, 0.19499999999999318, 0.46399999999999864, 0.08400000000000318, 0.6610000000000014, 0.4099999999999966]","[-0.07276085466018233, 0.10532968190436465, 0.6171555370639944, 0.13532738818140336, 0.3216726980297538, 0.05819592628516225, 0.4584547093910399, 0.2812457127177916]",2024-01-30 20:18:19
IAPR,ALGO_EMA_RSI_ADX_BB_CGPT,9,8,1,0.8531,0.0596,1.2222,0.2363,0.17380312845631413,0.8888888888888888,2024-01-23 18:00:00+00:00,12,EMA_RSI_ADX_BB_P.5_L.5_AVR_1H_STOCK_RESULTS,"[2023-12-20T21:00:00+00:00, 2024-01-02T16:00:00+00:00, 2024-01-03T16:00:00+00:00, 2024-01-16T18:00:00+00:00, 2024-01-16T20:00:00+00:00, 2024-01-17T15:00:00+00:00, 2024-01-17T17:00:00+00:00, 2024-01-17T19:00:00+00:00, 2024-01-23T17:00:00+00:00]","[2023-12-21T15:00:00+00:00, 2024-01-02T18:00:00+00:00, 2024-01-03T18:00:00+00:00, 2024-01-16T19:00:00+00:00, 2024-01-16T21:00:00+00:00, 2024-01-17T16:00:00+00:00, 2024-01-17T18:00:00+00:00, 2024-01-17T20:00:00+00:00, 2024-01-23T18:00:00+00:00]","[1.0, 2.0, 2.0, 1.0, 1.0, 1.0, 1.0, 1.0, 1.0]","[0.1509999999999998, 0.0849999999999973, 0.05600000000000094, 0.00999999999999801, 0.04400000000000048, 0.17999999999999972, -0.03999999999999915, 0.019999999999999574, 0.030000000000001137]","[0.5970975522954636, 0.3327461342728412, 0.22130888397091739, 0.039525691699596875, 0.17380312845631413, 0.7228915662650591, -0.15955325089748365, 0.07980845969672616, 0.11881188118812332]",2024-01-30 20:12:36
TJX,ALGO_EMA_RSI_ADX_BB_CGPT,11,10,1,0.739,0.2131,1.1818,0.2359,0.15514184397163183,0.9090909090909091,2024-01-18 15:00:00+00:00,17,EMA_RSI_ADX_BB_P.5_L.5_AVR_1H_STOCK_RESULTS,"[2023-12-14T18:00:00+00:00, 2023-12-15T15:00:00+00:00, 2023-12-15T17:00:00+00:00, 2023-12-15T19:00:00+00:00, 2023-12-15T21:00:00+00:00, 2024-01-03T16:00:00+00:00, 2024-01-03T19:00:00+00:00, 2024-01-03T21:00:00+00:00, 2024-01-05T19:00:00+00:00, 2024-01-05T21:00:00+00:00, 2024-01-17T21:00:00+00:00]","[2023-12-14T20:00:00+00:00, 2023-12-15T16:00:00+00:00, 2023-12-15T18:00:00+00:00, 2023-12-15T20:00:00+00:00, 2023-12-18T15:00:00+00:00, 2024-01-03T18:00:00+00:00, 2024-01-03T20:00:00+00:00, 2024-01-04T15:00:00+00:00, 2024-01-05T20:00:00+00:00, 2024-01-08T15:00:00+00:00, 2024-01-18T15:00:00+00:00]","[2.0, 1.0, 1.0, 1.0, 1.0, 2.0, 1.0, 1.0, 1.0, 1.0, 1.0]","[0.14000000000000057, 0.5150000000000006, 0.020000000000010232, 0.0799999999999983, 0.5189999999999912, 0.010000000000005116, 0.15000000000000568, 0.5499999999999972, -0.29999999999999716, 0.5799999999999983, 0.0799999999999983]","[0.15514184397163183, 0.5805433434787516, 0.0223763705527078, 0.08988764044943628, 0.5820343164741406, 0.010834236186354405, 0.16304347826087573, 0.5998473115934094, -0.3262287951283136, 0.6324972737186458, 0.08476372112735568]",2024-01-30 20:37:40
CMSC,ALGO_EMA_RSI_ADX_BB_CGPT,7,6,1,1.0713,0.0573,1.2857,0.2344,0.17615731257680975,0.8571428571428571,2024-01-17 19:00:00+00:00,18,EMA_RSI_ADX_BB_P.5_L.5_AVR_1H_STOCK_RESULTS,"[2023-12-18T19:00:00+00:00, 2023-12-18T21:00:00+00:00, 2023-12-26T21:00:00+00:00, 2024-01-03T16:00:00+00:00, 2024-01-10T21:00:00+00:00, 2024-01-16T19:00:00+00:00, 2024-01-17T18:00:00+00:00]","[2023-12-18T20:00:00+00:00, 2023-12-19T15:00:00+00:00, 2023-12-27T17:00:00+00:00, 2024-01-03T17:00:00+00:00, 2024-01-11T16:00:00+00:00, 2024-01-16T20:00:00+00:00, 2024-01-17T19:00:00+00:00]","[1.0, 1.0, 2.0, 1.0, 2.0, 1.0, 1.0]","[0.019999999999999574, 0.11999999999999744, 0.1280000000000001, 0.04299999999999926, 0.0799999999999983, -0.020000000000003126, 0.030000000000001137]","[0.08163265306122275, 0.49059689288633457, 0.5255810133858919, 0.17615731257680975, 0.32560032560031865, -0.08130081300814279, 0.12234910277325096]",2024-01-30 19:57:02
TDVG,ALGO_EMA_RSI_ADX_BB_CGPT,8,7,1,1.2418,0.0705,1.1250,0.2019,0.21630697624963935,0.875,2024-01-17 16:00:00+00:00,18,EMA_RSI_ADX_BB_P.5_L.5_AVR_1H_STOCK_RESULTS,"[2024-01-02T20:00:00+00:00, 2024-01-03T16:00:00+00:00, 2024-01-03T21:00:00+00:00, 2024-01-04T21:00:00+00:00, 2024-01-11T17:00:00+00:00, 2024-01-16T18:00:00+00:00, 2024-01-16T20:00:00+00:00, 2024-01-17T15:00:00+00:00]","[2024-01-02T21:00:00+00:00, 2024-01-03T18:00:00+00:00, 2024-01-04T15:00:00+00:00, 2024-01-05T15:00:00+00:00, 2024-01-11T18:00:00+00:00, 2024-01-16T19:00:00+00:00, 2024-01-16T21:00:00+00:00, 2024-01-17T16:00:00+00:00]","[1.0, 2.0, 1.0, 1.0, 1.0, 1.0, 1.0, 1.0]","[0.0899999999999963, 0.06500000000000483, 0.14399999999999835, 0.13000000000000256, 0.08099999999999596, -0.026000000000003354, 0.07000000000000028, 0.00999999999999801]","[0.25670279520820394, 0.18595336861680686, 0.41284403669724296, 0.37292025243833204, 0.23209834092666254, -0.07442179986261552, 0.20051561157261613, 0.02866150759529381]",2024-01-30 20:36:37
IYG,ALGO_EMA_RSI_ADX_BB_CGPT,9,8,1,0.8615,0.3530,1.2222,0.2008,0.16363379884327384,0.8888888888888888,2024-01-18 19:00:00+00:00,17,EMA_RSI_ADX_BB_P.5_L.5_AVR_1H_STOCK_RESULTS,"[2024-01-02T16:00:00+00:00, 2024-01-03T16:00:00+00:00, 2024-01-11T16:00:00+00:00, 2024-01-16T16:00:00+00:00, 2024-01-16T19:00:00+00:00, 2024-01-17T18:00:00+00:00, 2024-01-17T20:00:00+00:00, 2024-01-18T16:00:00+00:00, 2024-01-18T18:00:00+00:00]","[2024-01-02T17:00:00+00:00, 2024-01-03T17:00:00+00:00, 2024-01-11T18:00:00+00:00, 2024-01-16T18:00:00+00:00, 2024-01-16T20:00:00+00:00, 2024-01-17T19:00:00+00:00, 2024-01-17T21:00:00+00:00, 2024-01-18T17:00:00+00:00, 2024-01-18T19:00:00+00:00]","[1.0, 1.0, 2.0, 2.0, 1.0, 1.0, 1.0, 1.0, 1.0]","[0.6899999999999977, 0.28999999999999204, 0.5, 0.1599999999999966, 0.01999999999998181, 0.23099999999999454, 0.6659999999999968, -0.3599999999999852, 0.9800000000000182]","[0.386966518983791, 0.16363379884327384, 0.2830615942028986, 0.09120446901897998, 0.011402508551871044, 0.1323941563168029, 0.38169688911304006, -0.20673021706671943, 0.5633802816901514]",2024-01-30 20:15:44
XYL,ALGO_EMA_RSI_ADX_BB_CGPT,9,8,1,1.0186,0.2013,1.3333,0.1802,0.16228555123586882,0.8888888888888888,2024-01-25 17:00:00+00:00,10,EMA_RSI_ADX_BB_P.5_L.5_AVR_1H_STOCK_RESULTS,"[2024-01-02T20:00:00+00:00, 2024-01-03T16:00:00+00:00, 2024-01-05T18:00:00+00:00, 2024-01-11T17:00:00+00:00, 2024-01-12T16:00:00+00:00, 2024-01-12T18:00:00+00:00, 2024-01-17T19:00:00+00:00, 2024-01-24T20:00:00+00:00, 2024-01-25T16:00:00+00:00]","[2024-01-02T21:00:00+00:00, 2024-01-03T19:00:00+00:00, 2024-01-05T19:00:00+00:00, 2024-01-11T18:00:00+00:00, 2024-01-12T17:00:00+00:00, 2024-01-12T19:00:00+00:00, 2024-01-17T20:00:00+00:00, 2024-01-25T15:00:00+00:00, 2024-01-25T17:00:00+00:00]","[1.0, 3.0, 1.0, 1.0, 1.0, 1.0, 1.0, 2.0, 1.0]","[0.3500000000000085, 0.1700000000000017, -0.21999999999999886, 0.269999999999996, 0.14000000000000057, 0.37999999999999545, 0.10999999999999943, 0.18200000000000216, 0.4299999999999926]","[0.30883261272391116, 0.1515691868758931, -0.19697376667561903, 0.24274026791332917, 0.12618296529968506, 0.34234234234233824, 0.10027347310847715, 0.16228555123586882, 0.3846842011093152]",2024-01-30 20:44:43
FJUN,ALGO_EMA_RSI_ADX_BB_CGPT,8,7,1,1.0098,0.0735,1.1250,0.1682,0.1703079273616333,0.875,2024-01-17 20:00:00+00:00,18,EMA_RSI_ADX_BB_P.5_L.5_AVR_1H_STOCK_RESULTS,"[2023-12-29T18:00:00+00:00, 2024-01-02T16:00:00+00:00, 2024-01-02T20:00:00+00:00, 2024-01-03T17:00:00+00:00, 2024-01-03T21:00:00+00:00, 2024-01-04T21:00:00+00:00, 2024-01-16T19:00:00+00:00, 2024-01-17T19:00:00+00:00]","[2023-12-29T19:00:00+00:00, 2024-01-02T18:00:00+00:00, 2024-01-02T21:00:00+00:00, 2024-01-03T18:00:00+00:00, 2024-01-04T16:00:00+00:00, 2024-01-05T15:00:00+00:00, 2024-01-16T20:00:00+00:00, 2024-01-17T20:00:00+00:00]","[1.0, 2.0, 1.0, 1.0, 1.0, 1.0, 1.0, 1.0]","[0.030999999999998806, 0.028000000000005798, 0.09199999999999875, 0.05700000000000216, 0.12000000000000455, 0.20000000000000284, 0.09799999999999898, -0.03800000000000381]","[0.07034423290748328, 0.06382493731480693, 0.21015121750650725, 0.13046463721675935, 0.27510316368639287, 0.45966444495518927, 0.22292993630573013, -0.08662943120940113]",2024-01-30 20:06:25
NXP,ALGO_EMA_RSI_ADX_BB_CGPT,9,8,1,1.058,0.0232,1.1111,0.1586,0.10319917440660867,0.8888888888888888,2024-01-22 21:00:00+00:00,13,EMA_RSI_ADX_BB_P.5_L.5_AVR_1H_STOCK_RESULTS,"[2023-12-20T21:00:00+00:00, 2024-01-05T16:00:00+00:00, 2024-01-09T21:00:00+00:00, 2024-01-10T21:00:00+00:00, 2024-01-11T18:00:00+00:00, 2024-01-16T19:00:00+00:00, 2024-01-17T18:00:00+00:00, 2024-01-17T20:00:00+00:00, 2024-01-22T20:00:00+00:00]","[2023-12-21T15:00:00+00:00, 2024-01-05T17:00:00+00:00, 2024-01-10T15:00:00+00:00, 2024-01-11T15:00:00+00:00, 2024-01-11T20:00:00+00:00, 2024-01-16T20:00:00+00:00, 2024-01-17T19:00:00+00:00, 2024-01-17T21:00:00+00:00, 2024-01-22T21:00:00+00:00]","[1.0, 1.0, 1.0, 1.0, 2.0, 1.0, 1.0, 1.0, 1.0]","[0.0, 0.015000000000000568, 0.019999999999999574, 0.06799999999999962, 0.040000000000000924, 0.009000000000000341, 0.006000000000000227, 0.03599999999999959, 0.015000000000000568]","[0.0, 0.10107816711590678, 0.1353912808015135, 0.4634678298800409, 0.2741603838245437, 0.0616438356164407, 0.04116920543433668, 0.2471848393298516, 0.10319917440660867]",2024-01-30 20:24:07
UNP,ALGO_EMA_RSI_ADX_BB_CGPT,8,7,1,0.8154,0.3712,1.1250,0.1534,0.13495288763612623,0.875,2024-01-25 17:00:00+00:00,10,EMA_RSI_ADX_BB_P.5_L.5_AVR_1H_STOCK_RESULTS,"[2024-01-02T16:00:00+00:00, 2024-01-02T20:00:00+00:00, 2024-01-03T15:00:00+00:00, 2024-01-03T21:00:00+00:00, 2024-01-05T17:00:00+00:00, 2024-01-05T20:00:00+00:00, 2024-01-08T16:00:00+00:00, 2024-01-25T16:00:00+00:00]","[2024-01-02T17:00:00+00:00, 2024-01-02T21:00:00+00:00, 2024-01-03T16:00:00+00:00, 2024-01-04T15:00:00+00:00, 2024-01-05T19:00:00+00:00, 2024-01-05T21:00:00+00:00, 2024-01-08T17:00:00+00:00, 2024-01-25T17:00:00+00:00]","[1.0, 1.0, 1.0, 1.0, 2.0, 1.0, 1.0, 1.0]","[0.5600000000000023, 0.2849999999999966, 0.37000000000000455, 1.2350000000000136, 0.19999999999998863, 0.5600000000000023, -0.2550000000000239, 0.014999999999986358]","[0.22960229602296114, 0.11718990933201612, 0.15271586594023634, 0.5109005915691117, 0.0835666234905731, 0.23404522088017818, -0.10699450341963826, 0.006291286568097455]",2024-01-30 20:39:40
CYRX,ALGO_EMA_RSI_ADX_BB_CGPT,9,8,1,1.162,0.1451,1.2222,0.9502,0.8392511297611298,0.8888888888888888,2024-01-10 20:00:00+00:00,25,EMA_RSI_ADX_BB_P1.5_L1.5_AVR_1H_STOCK_RESULTS,"[2023-12-13T15:00:00+00:00, 2023-12-20T21:00:00+00:00, 2023-12-26T16:00:00+00:00, 2023-12-29T16:00:00+00:00, 2023-12-29T21:00:00+00:00, 2024-01-03T16:00:00+00:00, 2024-01-10T15:00:00+00:00, 2024-01-10T17:00:00+00:00, 2024-01-10T19:00:00+00:00]","[2023-12-13T16:00:00+00:00, 2023-12-21T15:00:00+00:00, 2023-12-26T17:00:00+00:00, 2023-12-29T19:00:00+00:00, 2024-01-02T15:00:00+00:00, 2024-01-03T17:00:00+00:00, 2024-01-10T16:00:00+00:00, 2024-01-10T18:00:00+00:00, 2024-01-10T20:00:00+00:00]","[1.0, 1.0, 1.0, 3.0, 1.0, 1.0, 1.0, 1.0, 1.0]","[0.08000000000000007, 0.28000000000000114, 0.11299999999999955, 0.129999999999999, 0.3800000000000008, 0.10500000000000043, -0.09500000000000064, 0.16799999999999926, 0.14499999999999957]","[0.5468215994531789, 1.7925736235595464, 0.7103790783931574, 0.8392511297611298, 2.450032237266285, 0.709699222710378, -0.6489071038251409, 1.1489536315141518, 1.003113109650637]",2024-01-30 08:18:20
TWKS,ALGO_EMA_RSI_ADX_BB_CGPT,7,6,1,0.905,0.0443,1.2857,0.9393,0.41450777202071654,0.8571428571428571,2024-01-17 17:00:00+00:00,18,EMA_RSI_ADX_BB_P1.5_L1.5_AVR_1H_STOCK_RESULTS,"[2023-12-29T16:00:00+00:00, 2023-12-29T21:00:00+00:00, 2024-01-02T16:00:00+00:00, 2024-01-02T20:00:00+00:00, 2024-01-03T18:00:00+00:00, 2024-01-03T21:00:00+00:00, 2024-01-17T16:00:00+00:00]","[2023-12-29T19:00:00+00:00, 2024-01-02T15:00:00+00:00, 2024-01-02T17:00:00+00:00, 2024-01-02T21:00:00+00:00, 2024-01-03T19:00:00+00:00, 2024-01-04T15:00:00+00:00, 2024-01-17T17:00:00+00:00]","[3.0, 1.0, 1.0, 1.0, 1.0, 1.0, 1.0]","[0.019999999999999574, 0.05999999999999961, 0.10000000000000053, 0.125, -0.009999999999999787, 0.004999999999999893, 0.009999999999999787]","[0.41450777202071654, 1.2448132780082906, 2.100840336134465, 2.6939655172413794, -0.21574973031283254, 0.11037527593818748, 0.2265005662514108]",2024-01-30 08:57:42
UTSL,ALGO_EMA_RSI_ADX_BB_CGPT,7,7,0,1.4021,0.1856,1.5714,0.9040,0.9975062344139616,1.0,2024-01-12 15:00:00+00:00,23,EMA_RSI_ADX_BB_P1.5_L1.5_AVR_1H_STOCK_RESULTS,"[2023-12-15T20:00:00+00:00, 2023-12-18T17:00:00+00:00, 2023-12-20T21:00:00+00:00, 2023-12-21T17:00:00+00:00, 2023-12-21T20:00:00+00:00, 2024-01-11T16:00:00+00:00, 2024-01-11T21:00:00+00:00]","[2023-12-15T21:00:00+00:00, 2023-12-18T18:00:00+00:00, 2023-12-21T16:00:00+00:00, 2023-12-21T19:00:00+00:00, 2023-12-21T21:00:00+00:00, 2024-01-11T19:00:00+00:00, 2024-01-12T15:00:00+00:00]","[1.0, 1.0, 2.0, 2.0, 1.0, 3.0, 1.0]","[0.030000000000001137, 0.26799999999999713, 0.39399999999999835, 0.07000000000000028, 0.1999999999999993, 0.0470000000000006, 0.28999999999999915]","[0.13959981386692014, 1.2605832549388387, 1.9444307358239072, 0.3494757863205206, 0.9975062344139616, 0.2269106358325718, 1.4098201263976624]",2024-01-30 08:59:14
CHEF,ALGO_EMA_RSI_ADX_BB_CGPT,10,9,1,0.7999,0.2586,1.1000,0.8982,0.5383995444367208,0.9,2024-01-17 15:00:00+00:00,18,EMA_RSI_ADX_BB_P1.5_L1.5_AVR_1H_STOCK_RESULTS,"[2023-12-19T15:00:00+00:00, 2023-12-29T17:00:00+00:00, 2023-12-29T20:00:00+00:00, 2024-01-02T16:00:00+00:00, 2024-01-03T21:00:00+00:00, 2024-01-09T15:00:00+00:00, 2024-01-10T20:00:00+00:00, 2024-01-11T17:00:00+00:00, 2024-01-16T19:00:00+00:00, 2024-01-16T21:00:00+00:00]","[2023-12-19T16:00:00+00:00, 2023-12-29T18:00:00+00:00, 2023-12-29T21:00:00+00:00, 2024-01-02T17:00:00+00:00, 2024-01-04T16:00:00+00:00, 2024-01-09T16:00:00+00:00, 2024-01-10T21:00:00+00:00, 2024-01-11T18:00:00+00:00, 2024-01-16T20:00:00+00:00, 2024-01-17T15:00:00+00:00]","[1.0, 1.0, 1.0, 1.0, 2.0, 1.0, 1.0, 1.0, 1.0, 1.0]","[-0.08999999999999986, 0.029999999999997584, 0.03999999999999915, 0.3210000000000015, 1.009999999999998, 0.03999999999999915, 0.28999999999999915, 0.634999999999998, 0.14000000000000057, 0.16999999999999815]","[-0.3082191780821913, 0.10183299389001216, 0.136193394620358, 1.1088082901554457, 3.5401331931300315, 0.13422818791946023, 0.9965635738831585, 2.1957123098201867, 0.4861111111111131, 0.5906879777623285]",2024-01-30 08:15:16
AER,ALGO_EMA_RSI_ADX_BB_CGPT,9,8,1,0.9201,0.5672,1.1111,0.7916,0.4852378348824549,0.8888888888888888,2024-01-17 17:00:00+00:00,18,EMA_RSI_ADX_BB_P1.5_L1.5_AVR_1H_STOCK_RESULTS,"[2023-12-18T21:00:00+00:00, 2023-12-20T21:00:00+00:00, 2024-01-02T20:00:00+00:00, 2024-01-03T16:00:00+00:00, 2024-01-03T18:00:00+00:00, 2024-01-03T21:00:00+00:00, 2024-01-16T18:00:00+00:00, 2024-01-16T20:00:00+00:00, 2024-01-17T16:00:00+00:00]","[2023-12-19T15:00:00+00:00, 2023-12-21T16:00:00+00:00, 2024-01-02T21:00:00+00:00, 2024-01-03T17:00:00+00:00, 2024-01-03T19:00:00+00:00, 2024-01-04T15:00:00+00:00, 2024-01-16T19:00:00+00:00, 2024-01-16T21:00:00+00:00, 2024-01-17T17:00:00+00:00]","[1.0, 2.0, 1.0, 1.0, 1.0, 1.0, 1.0, 1.0, 1.0]","[0.45999999999999375, 1.5600000000000023, 0.4000000000000057, 0.10999999999999943, 0.1700000000000017, 1.75, -0.030000000000001137, 0.3299999999999983, 0.355000000000004]","[0.6323024054982732, 2.1708878374617346, 0.5557871335278668, 0.15536723163841729, 0.23920078795553923, 2.4766487404472124, -0.04081077404434925, 0.4495300367797279, 0.4852378348824549]",2024-01-30 08:06:58
SM,ALGO_EMA_RSI_ADX_BB_CGPT,7,6,1,0.9049,0.2979,1.1429,0.7786,0.6532532009406846,0.8571428571428571,2024-01-08 17:00:00+00:00,27,EMA_RSI_ADX_BB_P1.5_L1.5_AVR_1H_STOCK_RESULTS,"[2023-12-29T16:00:00+00:00, 2023-12-29T21:00:00+00:00, 2024-01-04T17:00:00+00:00, 2024-01-04T21:00:00+00:00, 2024-01-05T18:00:00+00:00, 2024-01-05T20:00:00+00:00, 2024-01-08T16:00:00+00:00]","[2023-12-29T18:00:00+00:00, 2024-01-02T15:00:00+00:00, 2024-01-04T18:00:00+00:00, 2024-01-05T15:00:00+00:00, 2024-01-05T19:00:00+00:00, 2024-01-05T21:00:00+00:00, 2024-01-08T17:00:00+00:00]","[2.0, 1.0, 1.0, 1.0, 1.0, 1.0, 1.0]","[0.10000000000000142, 1.009999999999998, -0.11000000000000654, 0.25, 0.1599999999999966, 0.41499999999999915, 0.259999999999998]","[0.2572678157962476, 2.6091449237922966, -0.28504793988081506, 0.6532532009406846, 0.42149631190726183, 1.0967230443974607, 0.6974248927038573]",2024-01-30 08:52:47
MAX,ALGO_EMA_RSI_ADX_BB_CGPT,10,9,1,0.8118,0.0744,1.2000,0.6858,0.8404599641459538,0.9,2024-01-11 17:00:00+00:00,24,EMA_RSI_ADX_BB_P1.5_L1.5_AVR_1H_STOCK_RESULTS,"[2023-12-13T16:00:00+00:00, 2023-12-13T19:00:00+00:00, 2023-12-29T16:00:00+00:00, 2023-12-29T21:00:00+00:00, 2024-01-02T16:00:00+00:00, 2024-01-02T20:00:00+00:00, 2024-01-03T16:00:00+00:00, 2024-01-03T21:00:00+00:00, 2024-01-09T16:00:00+00:00, 2024-01-11T16:00:00+00:00]","[2023-12-13T18:00:00+00:00, 2023-12-13T20:00:00+00:00, 2023-12-29T18:00:00+00:00, 2024-01-02T15:00:00+00:00, 2024-01-02T17:00:00+00:00, 2024-01-02T21:00:00+00:00, 2024-01-03T17:00:00+00:00, 2024-01-04T15:00:00+00:00, 2024-01-09T17:00:00+00:00, 2024-01-11T17:00:00+00:00]","[2.0, 1.0, 2.0, 1.0, 1.0, 1.0, 1.0, 1.0, 1.0, 1.0]","[-0.1349999999999998, 0.19000000000000128, 0.08900000000000041, 0.019999999999999574, 0.17999999999999972, 0.009999999999999787, 0.10999999999999943, 0.08999999999999986, 0.09999999999999964, 0.08999999999999986]","[-1.2771996215704804, 1.8199233716475218, 0.7893569844789392, 0.1795332136445204, 1.626016260162599, 0.09082652134423058, 1.0018214936247671, 0.8302583025830245, 0.9469696969696936, 0.8506616257088833]",2024-01-30 08:38:51
AAP,ALGO_EMA_RSI_ADX_BB_CGPT,7,7,0,0.7299,0.4071,1.0000,0.6667,0.3056083257619596,1.0,2024-01-17 20:00:00+00:00,18,EMA_RSI_ADX_BB_P1.5_L1.5_AVR_1H_STOCK_RESULTS,"[2024-01-02T15:00:00+00:00, 2024-01-04T17:00:00+00:00, 2024-01-04T20:00:00+00:00, 2024-01-10T19:00:00+00:00, 2024-01-11T15:00:00+00:00, 2024-01-17T17:00:00+00:00, 2024-01-17T19:00:00+00:00]","[2024-01-02T16:00:00+00:00, 2024-01-04T18:00:00+00:00, 2024-01-04T21:00:00+00:00, 2024-01-10T20:00:00+00:00, 2024-01-11T16:00:00+00:00, 2024-01-17T18:00:00+00:00, 2024-01-17T20:00:00+00:00]","[1.0, 1.0, 1.0, 1.0, 1.0, 1.0, 1.0]","[1.7399999999999949, 0.18500000000000227, 0.15500000000000114, 0.10000000000000142, 0.259999999999998, 0.09000000000000341, 0.3200000000000003]","[2.8373420301671337, 0.3056083257619596, 0.25689898069114303, 0.1648261084555817, 0.42601999016876624, 0.14805066622800364, 0.5283143470364872]",2024-01-30 08:06:16
VAC,ALGO_EMA_RSI_ADX_BB_CGPT,10,9,1,0.6277,0.5410,1.5000,0.6398,0.2555769753315699,0.9,2024-01-29 17:00:00+00:00,6,EMA_RSI_ADX_BB_P1.5_L1.5_AVR_1H_STOCK_RESULTS,"[2023-12-20T20:00:00+00:00, 2023-12-29T16:00:00+00:00, 2023-12-29T21:00:00+00:00, 2024-01-11T15:00:00+00:00, 2024-01-12T16:00:00+00:00, 2024-01-12T20:00:00+00:00, 2024-01-16T15:00:00+00:00, 2024-01-16T17:00:00+00:00, 2024-01-16T19:00:00+00:00, 2024-01-29T16:00:00+00:00]","[2023-12-21T15:00:00+00:00, 2023-12-29T19:00:00+00:00, 2024-01-02T15:00:00+00:00, 2024-01-11T16:00:00+00:00, 2024-01-12T19:00:00+00:00, 2024-01-12T21:00:00+00:00, 2024-01-16T16:00:00+00:00, 2024-01-16T18:00:00+00:00, 2024-01-16T20:00:00+00:00, 2024-01-29T17:00:00+00:00]","[2.0, 3.0, 1.0, 1.0, 3.0, 1.0, 1.0, 1.0, 1.0, 1.0]","[0.7999999999999972, 0.12999999999999545, 2.964999999999989, 0.29000000000000625, 0.539999999999992, -0.10999999999999943, 0.4650000000000034, 0.14000000000000057, 0.04000000000000625, 0.15000000000000568]","[0.9483167377904186, 0.15286923800563904, 3.493578414044997, 0.3359203058033201, 0.6430102405334508, -0.1308122249970263, 0.5631926361048912, 0.1683299266562469, 0.04790992933286173, 0.17523364485981974]",2024-01-30 08:59:21
ATEN,ALGO_EMA_RSI_ADX_BB_CGPT,8,8,0,1.1815,0.0806,1.3750,0.6075,0.436886363252568,1.0,2024-01-29 21:00:00+00:00,6,EMA_RSI_ADX_BB_P1.5_L1.5_AVR_1H_STOCK_RESULTS,"[2023-12-21T18:00:00+00:00, 2023-12-21T20:00:00+00:00, 2024-01-02T16:00:00+00:00, 2024-01-03T21:00:00+00:00, 2024-01-04T17:00:00+00:00, 2024-01-17T21:00:00+00:00, 2024-01-29T16:00:00+00:00, 2024-01-29T20:00:00+00:00]","[2023-12-21T19:00:00+00:00, 2023-12-21T21:00:00+00:00, 2024-01-02T18:00:00+00:00, 2024-01-04T15:00:00+00:00, 2024-01-04T18:00:00+00:00, 2024-01-18T15:00:00+00:00, 2024-01-29T19:00:00+00:00, 2024-01-29T21:00:00+00:00]","[1.0, 1.0, 2.0, 1.0, 1.0, 1.0, 3.0, 1.0]","[0.005000000000000782, 0.1750000000000007, 0.04499999999999993, 0.04499999999999993, 0.019999999999999574, 0.06999999999999851, 0.08000000000000007, 0.2049999999999983]","[0.03840245775730247, 1.3430544896392995, 0.34816247582204973, 0.35060381768601423, 0.1556420233463002, 0.5231689088191218, 0.5917159763313614, 1.5090172984909702]",2024-01-30 08:09:34
SEM,ALGO_EMA_RSI_ADX_BB_CGPT,8,7,1,0.9816,0.1494,1.2500,0.5999,0.4774754056471189,0.875,2024-01-25 15:00:00+00:00,10,EMA_RSI_ADX_BB_P1.5_L1.5_AVR_1H_STOCK_RESULTS,"[2023-12-18T18:00:00+00:00, 2023-12-29T16:00:00+00:00, 2023-12-29T18:00:00+00:00, 2023-12-29T21:00:00+00:00, 2024-01-03T16:00:00+00:00, 2024-01-17T19:00:00+00:00, 2024-01-23T17:00:00+00:00, 2024-01-24T21:00:00+00:00]","[2023-12-18T19:00:00+00:00, 2023-12-29T17:00:00+00:00, 2023-12-29T19:00:00+00:00, 2024-01-02T15:00:00+00:00, 2024-01-03T17:00:00+00:00, 2024-01-18T15:00:00+00:00, 2024-01-23T18:00:00+00:00, 2024-01-25T15:00:00+00:00]","[1.0, 1.0, 1.0, 1.0, 1.0, 3.0, 1.0, 1.0]","[0.0799999999999983, 0.019999999999999574, -0.05000000000000071, 0.16000000000000014, 0.254999999999999, 0.10999999999999943, 0.14000000000000057, 0.4800000000000004]","[0.3384094754653058, 0.0847457627118626, -0.2123142250530816, 0.6808510638297879, 1.1000862812769585, 0.4216174779609024, 0.5333333333333354, 1.8525665766113486]",2024-01-30 08:51:44
MIDU,ALGO_EMA_RSI_ADX_BB_CGPT,9,8,1,0.7527,0.2294,1.5556,0.5344,0.6165228113440198,0.8888888888888888,2024-01-25 16:00:00+00:00,10,EMA_RSI_ADX_BB_P1.5_L1.5_AVR_1H_STOCK_RESULTS,"[2023-12-29T21:00:00+00:00, 2024-01-02T16:00:00+00:00, 2024-01-02T20:00:00+00:00, 2024-01-03T16:00:00+00:00, 2024-01-11T16:00:00+00:00, 2024-01-16T17:00:00+00:00, 2024-01-16T19:00:00+00:00, 2024-01-17T16:00:00+00:00, 2024-01-24T21:00:00+00:00]","[2024-01-02T15:00:00+00:00, 2024-01-02T17:00:00+00:00, 2024-01-02T21:00:00+00:00, 2024-01-03T18:00:00+00:00, 2024-01-11T18:00:00+00:00, 2024-01-16T18:00:00+00:00, 2024-01-16T21:00:00+00:00, 2024-01-17T18:00:00+00:00, 2024-01-25T16:00:00+00:00]","[1.0, 1.0, 1.0, 2.0, 2.0, 1.0, 2.0, 2.0, 2.0]","[0.09000000000000341, 0.7100000000000009, 0.4440000000000026, 0.38000000000000256, 0.3499999999999943, 0.011000000000002785, 0.25, -0.39000000000000057, 0.21999999999999886]","[0.2028397565922998, 1.617680565048988, 1.023843564082467, 0.9141207601635856, 0.8584743684081292, 0.027074257303903088, 0.6165228113440198, -0.973782771535582, 0.5226894749346611]",2024-01-30 08:39:51
CMI,ALGO_EMA_RSI_ADX_BB_CGPT,9,9,0,1.2307,1.2407,1.5556,0.5225,0.7045818918234695,1.0,2024-01-16 21:00:00+00:00,19,EMA_RSI_ADX_BB_P1.5_L1.5_AVR_1H_STOCK_RESULTS,"[2023-12-20T21:00:00+00:00, 2023-12-22T16:00:00+00:00, 2023-12-22T21:00:00+00:00, 2023-12-28T15:00:00+00:00, 2024-01-03T16:00:00+00:00, 2024-01-05T15:00:00+00:00, 2024-01-11T16:00:00+00:00, 2024-01-16T16:00:00+00:00, 2024-01-16T19:00:00+00:00]","[2023-12-21T16:00:00+00:00, 2023-12-22T18:00:00+00:00, 2023-12-26T15:00:00+00:00, 2023-12-28T16:00:00+00:00, 2024-01-03T17:00:00+00:00, 2024-01-05T16:00:00+00:00, 2024-01-11T18:00:00+00:00, 2024-01-16T18:00:00+00:00, 2024-01-16T21:00:00+00:00]","[2.0, 2.0, 1.0, 1.0, 1.0, 1.0, 2.0, 2.0, 2.0]","[2.2700000000000102, 1.6699999999999875, 2.2150000000000034, 0.04999999999998295, 2.180000000000007, 2.1899999999999977, 0.18000000000000682, 0.05099999999998772, 0.36000000000001364]","[0.9437492204714631, 0.7045818918234695, 0.9345597232184311, 0.020875083500326883, 0.9219708183548349, 0.925378179667032, 0.07627118644068086, 0.02174385736029048, 0.15357706582484265]",2024-01-30 08:16:19
FOUR,ALGO_EMA_RSI_ADX_BB_CGPT,12,11,1,0.8997,0.3583,1.2500,0.4989,0.4533755458309834,0.9166666666666666,2024-01-25 19:00:00+00:00,10,EMA_RSI_ADX_BB_P1.5_L1.5_AVR_1H_STOCK_RESULTS,"[2023-12-13T17:00:00+00:00, 2024-01-02T16:00:00+00:00, 2024-01-02T20:00:00+00:00, 2024-01-03T16:00:00+00:00, 2024-01-03T18:00:00+00:00, 2024-01-03T21:00:00+00:00, 2024-01-11T16:00:00+00:00, 2024-01-17T16:00:00+00:00, 2024-01-17T19:00:00+00:00, 2024-01-18T19:00:00+00:00, 2024-01-25T16:00:00+00:00, 2024-01-25T18:00:00+00:00]","[2023-12-13T19:00:00+00:00, 2024-01-02T19:00:00+00:00, 2024-01-02T21:00:00+00:00, 2024-01-03T17:00:00+00:00, 2024-01-03T19:00:00+00:00, 2024-01-04T15:00:00+00:00, 2024-01-11T17:00:00+00:00, 2024-01-17T17:00:00+00:00, 2024-01-17T20:00:00+00:00, 2024-01-18T20:00:00+00:00, 2024-01-25T17:00:00+00:00, 2024-01-25T19:00:00+00:00]","[2.0, 3.0, 1.0, 1.0, 1.0, 1.0, 1.0, 1.0, 1.0, 1.0, 1.0, 1.0]","[0.20000000000000284, 0.009999999999990905, 0.7999999999999972, 0.10999999999999943, -0.28000000000000114, 0.44000000000001194, 0.38000000000000966, 0.2950000000000017, 0.3649999999999949, 1.2999999999999972, 0.5600000000000023, 0.12000000000000455]","[0.3025260928755148, 0.01368738023541049, 1.1020801763328243, 0.15497323189630802, -0.39408866995074054, 0.6234944027207199, 0.5294691375226552, 0.40513630433290077, 0.501614787329066, 1.8143754361479372, 0.7687028140013759, 0.1647898928865759]",2024-01-30 08:26:09
BLK,ALGO_EMA_RSI_ADX_BB_CGPT,10,10,0,1.4949,3.8637,1.3000,0.4905,0.4411374930563909,1.0,2024-01-29 21:00:00+00:00,6,EMA_RSI_ADX_BB_P1.5_L1.5_AVR_1H_STOCK_RESULTS,"[2023-12-20T21:00:00+00:00, 2024-01-02T16:00:00+00:00, 2024-01-02T20:00:00+00:00, 2024-01-03T16:00:00+00:00, 2024-01-03T19:00:00+00:00, 2024-01-03T21:00:00+00:00, 2024-01-23T16:00:00+00:00, 2024-01-24T21:00:00+00:00, 2024-01-29T18:00:00+00:00, 2024-01-29T20:00:00+00:00]","[2023-12-21T15:00:00+00:00, 2024-01-02T18:00:00+00:00, 2024-01-02T21:00:00+00:00, 2024-01-03T18:00:00+00:00, 2024-01-03T20:00:00+00:00, 2024-01-04T15:00:00+00:00, 2024-01-23T17:00:00+00:00, 2024-01-25T16:00:00+00:00, 2024-01-29T19:00:00+00:00, 2024-01-29T21:00:00+00:00]","[1.0, 2.0, 1.0, 2.0, 1.0, 1.0, 1.0, 2.0, 1.0, 1.0]","[7.384999999999991, 3.7250000000000227, 3.105000000000018, 3.259999999999991, 0.12999999999999545, 4.141999999999939, 2.8350000000000364, 7.1749999999999545, 0.05000000000006821, 6.830000000000041]","[0.9361847776481911, 0.46731610013737496, 0.38925627605227925, 0.4149588859754068, 0.016499346372046992, 0.5279055836657625, 0.35919949826102293, 0.912907945798073, 0.0063936983708943775, 0.8739156025283468]",2024-01-30 08:12:20
ITA,ALGO_EMA_RSI_ADX_BB_CGPT,7,7,0,1.1715,0.5977,1.5714,0.4871,0.3941210279990063,1.0,2024-01-25 17:00:00+00:00,10,EMA_RSI_ADX_BB_P1.5_L1.5_AVR_1H_STOCK_RESULTS,"[2023-12-20T21:00:00+00:00, 2024-01-02T20:00:00+00:00, 2024-01-03T21:00:00+00:00, 2024-01-08T16:00:00+00:00, 2024-01-09T16:00:00+00:00, 2024-01-09T18:00:00+00:00, 2024-01-25T16:00:00+00:00]","[2023-12-21T16:00:00+00:00, 2024-01-03T15:00:00+00:00, 2024-01-04T16:00:00+00:00, 2024-01-08T18:00:00+00:00, 2024-01-09T17:00:00+00:00, 2024-01-09T19:00:00+00:00, 2024-01-25T17:00:00+00:00]","[2.0, 2.0, 2.0, 2.0, 1.0, 1.0, 1.0]","[1.269999999999996, 0.028999999999996362, 1.1700000000000017, 0.47999999999998977, 0.10499999999998977, 0.12999999999999545, 1.0]","[1.0241109587936423, 0.02316460448434501, 0.9456073708882258, 0.3941210279990063, 0.0865586744157205, 0.10703993412926756, 0.829324929507381]",2024-01-30 08:34:27
WIRE,ALGO_EMA_RSI_ADX_BB_CGPT,7,6,1,1.0915,1.0007,1.1429,0.4869,0.40659004911984253,0.8571428571428571,2024-01-18 19:00:00+00:00,17,EMA_RSI_ADX_BB_P1.5_L1.5_AVR_1H_STOCK_RESULTS,"[2023-12-13T17:00:00+00:00, 2023-12-29T16:00:00+00:00, 2024-01-09T16:00:00+00:00, 2024-01-16T18:00:00+00:00, 2024-01-16T20:00:00+00:00, 2024-01-17T18:00:00+00:00, 2024-01-18T18:00:00+00:00]","[2023-12-13T18:00:00+00:00, 2023-12-29T18:00:00+00:00, 2024-01-09T17:00:00+00:00, 2024-01-16T19:00:00+00:00, 2024-01-16T21:00:00+00:00, 2024-01-17T19:00:00+00:00, 2024-01-18T19:00:00+00:00]","[1.0, 2.0, 1.0, 1.0, 1.0, 1.0, 1.0]","[1.579999999999984, 0.8650000000000091, 2.6599999999999966, 0.6299999999999955, 0.009999999999990905, -0.10000000000002274, 1.3599999999999852]","[0.8220175849331377, 0.40659004911984253, 1.2723011431577924, 0.29770343067762756, 0.004726121272267548, -0.047544335092484534, 0.6523094632836036]",2024-01-30 09:02:22
ARES,ALGO_EMA_RSI_ADX_BB_CGPT,7,6,1,0.852,0.5214,1.5714,0.4553,0.3348902793689922,0.8571428571428571,2024-01-18 19:00:00+00:00,17,EMA_RSI_ADX_BB_P1.5_L1.5_AVR_1H_STOCK_RESULTS,"[2023-12-20T21:00:00+00:00, 2024-01-09T16:00:00+00:00, 2024-01-09T20:00:00+00:00, 2024-01-16T17:00:00+00:00, 2024-01-16T20:00:00+00:00, 2024-01-17T20:00:00+00:00, 2024-01-18T16:00:00+00:00]","[2023-12-21T16:00:00+00:00, 2024-01-09T17:00:00+00:00, 2024-01-09T21:00:00+00:00, 2024-01-16T19:00:00+00:00, 2024-01-16T21:00:00+00:00, 2024-01-17T21:00:00+00:00, 2024-01-18T19:00:00+00:00]","[2.0, 1.0, 1.0, 2.0, 1.0, 1.0, 3.0]","[1.3649999999999949, 0.21999999999999886, 0.9200000000000017, -0.5999999999999943, 1.0049999999999955, 0.35999999999999943, 0.37999999999999545]","[1.1961093585699218, 0.18980243292209376, 0.800975100121889, -0.5139186295503163, 0.8670146227839326, 0.3121477499349687, 0.3348902793689922]",2024-01-30 08:09:01
OMC,ALGO_EMA_RSI_ADX_BB_CGPT,7,6,1,1.0085,0.3700,1.1429,0.4383,0.31231925968767615,0.8571428571428571,2024-01-18 19:00:00+00:00,17,EMA_RSI_ADX_BB_P1.5_L1.5_AVR_1H_STOCK_RESULTS,"[2023-12-13T19:00:00+00:00, 2023-12-29T17:00:00+00:00, 2024-01-02T15:00:00+00:00, 2024-01-03T21:00:00+00:00, 2024-01-04T20:00:00+00:00, 2024-01-17T19:00:00+00:00, 2024-01-18T18:00:00+00:00]","[2023-12-13T20:00:00+00:00, 2023-12-29T18:00:00+00:00, 2024-01-02T16:00:00+00:00, 2024-01-04T16:00:00+00:00, 2024-01-04T21:00:00+00:00, 2024-01-17T20:00:00+00:00, 2024-01-18T19:00:00+00:00]","[1.0, 1.0, 1.0, 2.0, 1.0, 1.0, 1.0]","[1.105000000000004, 0.18500000000000227, 0.269999999999996, 0.5900000000000034, 0.3299999999999983, 0.1599999999999966, -0.05000000000001137]","[1.331325301204824, 0.21461716937355252, 0.31231925968767615, 0.6944444444444485, 0.3893345917885775, 0.18315018315017925, -0.057372346528986075]",2024-01-30 08:43:59
ZD,ALGO_EMA_RSI_ADX_BB_CGPT,7,7,0,1.5594,0.2829,1.4286,0.4290,0.32679738562093447,1.0,2024-01-09 21:00:00+00:00,26,EMA_RSI_ADX_BB_P1.5_L1.5_AVR_1H_STOCK_RESULTS,"[2023-12-12T18:00:00+00:00, 2023-12-29T16:00:00+00:00, 2024-01-02T16:00:00+00:00, 2024-01-03T16:00:00+00:00, 2024-01-04T16:00:00+00:00, 2024-01-04T18:00:00+00:00, 2024-01-09T20:00:00+00:00]","[2023-12-12T19:00:00+00:00, 2023-12-29T20:00:00+00:00, 2024-01-02T17:00:00+00:00, 2024-01-03T17:00:00+00:00, 2024-01-04T17:00:00+00:00, 2024-01-04T19:00:00+00:00, 2024-01-09T21:00:00+00:00]","[1.0, 4.0, 1.0, 1.0, 1.0, 1.0, 1.0]","[0.04999999999999716, 0.22000000000001307, 0.6499999999999915, 0.18999999999999773, 0.3100000000000023, 0.1799999999999926, 0.37999999999999545]","[0.08032128514055768, 0.32679738562093447, 0.9724715739078268, 0.28800970137941145, 0.475168608215822, 0.27569306172460195, 0.5842558425584186]",2024-01-30 09:03:56
KREF,ALGO_EMA_RSI_ADX_BB_CGPT,7,7,0,1.157,0.0550,1.0000,0.4208,0.3045298819946778,1.0,2024-01-12 19:00:00+00:00,23,EMA_RSI_ADX_BB_P1.5_L1.5_AVR_1H_STOCK_RESULTS,"[2023-12-27T20:00:00+00:00, 2023-12-29T16:00:00+00:00, 2023-12-29T18:00:00+00:00, 2024-01-02T16:00:00+00:00, 2024-01-03T16:00:00+00:00, 2024-01-03T21:00:00+00:00, 2024-01-12T18:00:00+00:00]","[2023-12-27T21:00:00+00:00, 2023-12-29T17:00:00+00:00, 2023-12-29T19:00:00+00:00, 2024-01-02T17:00:00+00:00, 2024-01-03T17:00:00+00:00, 2024-01-04T15:00:00+00:00, 2024-01-12T19:00:00+00:00]","[1.0, 1.0, 1.0, 1.0, 1.0, 1.0, 1.0]","[0.019999999999999574, 0.040000000000000924, 0.03500000000000014, 0.16000000000000014, 0.0600000000000005, 0.009999999999999787, 0.0600000000000005]","[0.14790711433219622, 0.3045298819946778, 0.26515151515151625, 1.2167300380228148, 0.46511627906977127, 0.0778210116731501, 0.46801872074883377]",2024-01-30 08:36:44
BSAC,ALGO_EMA_RSI_ADX_BB_CGPT,7,6,1,0.9592,0.0800,1.5714,0.4145,0.3072196620583652,0.8571428571428571,2024-01-08 18:00:00+00:00,27,EMA_RSI_ADX_BB_P1.5_L1.5_AVR_1H_STOCK_RESULTS,"[2023-12-18T16:00:00+00:00, 2023-12-18T20:00:00+00:00, 2023-12-19T16:00:00+00:00, 2023-12-20T20:00:00+00:00, 2023-12-26T21:00:00+00:00, 2024-01-05T15:00:00+00:00, 2024-01-08T16:00:00+00:00]","[2023-12-18T19:00:00+00:00, 2023-12-18T21:00:00+00:00, 2023-12-19T17:00:00+00:00, 2023-12-21T15:00:00+00:00, 2023-12-27T15:00:00+00:00, 2024-01-05T16:00:00+00:00, 2024-01-08T18:00:00+00:00]","[3.0, 1.0, 1.0, 2.0, 1.0, 1.0, 2.0]","[-0.03999999999999915, 0.05999999999999872, 0.14999999999999858, 0.00999999999999801, 0.19000000000000128, 0.16000000000000014, 0.030000000000001137]","[-0.20449897750510812, 0.3072196620583652, 0.7680491551459221, 0.051759834368519726, 0.9932043910088932, 0.8285862247540142, 0.15715034049241036]",2024-01-30 08:13:16
TKR,ALGO_EMA_RSI_ADX_BB_CGPT,7,6,1,1.0815,0.3193,1.4286,0.4088,0.3781671498802435,0.8571428571428571,2024-01-09 17:00:00+00:00,26,EMA_RSI_ADX_BB_P1.5_L1.5_AVR_1H_STOCK_RESULTS,"[2023-12-20T21:00:00+00:00, 2023-12-29T16:00:00+00:00, 2024-01-02T16:00:00+00:00, 2024-01-02T19:00:00+00:00, 2024-01-03T15:00:00+00:00, 2024-01-03T21:00:00+00:00, 2024-01-09T16:00:00+00:00]","[2023-12-21T15:00:00+00:00, 2023-12-29T17:00:00+00:00, 2024-01-02T17:00:00+00:00, 2024-01-02T21:00:00+00:00, 2024-01-03T18:00:00+00:00, 2024-01-04T15:00:00+00:00, 2024-01-09T17:00:00+00:00]","[1.0, 1.0, 1.0, 2.0, 3.0, 1.0, 1.0]","[0.7599999999999909, 0.21999999999999886, 0.29999999999999716, -0.20000000000000284, 0.5900000000000034, 0.17500000000001137, 0.39000000000000057]","[0.9663064208518637, 0.27606977036014413, 0.3781671498802435, -0.25290844714213817, 0.7645458079564641, 0.2270221184406971, 0.5025773195876296]",2024-01-30 08:56:25
SPTN,ALGO_EMA_RSI_ADX_BB_CGPT,9,8,1,1.0441,0.0922,1.1111,0.4045,0.30146425495262824,0.8888888888888888,2024-01-09 20:00:00+00:00,26,EMA_RSI_ADX_BB_P1.5_L1.5_AVR_1H_STOCK_RESULTS,"[2023-12-12T20:00:00+00:00, 2023-12-13T15:00:00+00:00, 2023-12-21T20:00:00+00:00, 2023-12-29T17:00:00+00:00, 2024-01-05T20:00:00+00:00, 2024-01-08T16:00:00+00:00, 2024-01-08T18:00:00+00:00, 2024-01-09T16:00:00+00:00, 2024-01-09T19:00:00+00:00]","[2023-12-12T21:00:00+00:00, 2023-12-13T16:00:00+00:00, 2023-12-21T21:00:00+00:00, 2023-12-29T18:00:00+00:00, 2024-01-05T21:00:00+00:00, 2024-01-08T17:00:00+00:00, 2024-01-08T19:00:00+00:00, 2024-01-09T18:00:00+00:00, 2024-01-09T20:00:00+00:00]","[1.0, 1.0, 1.0, 1.0, 1.0, 1.0, 1.0, 2.0, 1.0]","[0.0, 0.09499999999999886, 0.18999999999999773, 0.13000000000000256, 0.07000000000000028, 0.019999999999999574, 0.0259999999999998, 0.030000000000001137, 0.26899999999999835]","[0.0, 0.41822584195465057, 0.8300567933595357, 0.5681818181818293, 0.30146425495262824, 0.08648648648648465, 0.11277869350221133, 0.13186813186813687, 1.1917947809135543]",2024-01-30 08:54:01
BPOP,ALGO_EMA_RSI_ADX_BB_CGPT,7,6,1,0.6895,0.3197,1.4286,0.3961,0.25053238131028793,0.8571428571428571,2024-01-12 18:00:00+00:00,23,EMA_RSI_ADX_BB_P1.5_L1.5_AVR_1H_STOCK_RESULTS,"[2023-12-13T15:00:00+00:00, 2024-01-03T16:00:00+00:00, 2024-01-03T21:00:00+00:00, 2024-01-04T18:00:00+00:00, 2024-01-04T21:00:00+00:00, 2024-01-11T16:00:00+00:00, 2024-01-12T17:00:00+00:00]","[2023-12-13T16:00:00+00:00, 2024-01-03T19:00:00+00:00, 2024-01-04T15:00:00+00:00, 2024-01-04T19:00:00+00:00, 2024-01-05T15:00:00+00:00, 2024-01-11T18:00:00+00:00, 2024-01-12T18:00:00+00:00]","[1.0, 3.0, 1.0, 1.0, 1.0, 2.0, 1.0]","[-0.36700000000000443, 0.5099999999999909, 0.09000000000000341, 0.20000000000000284, 1.1850000000000023, 0.18999999999999773, 0.4300000000000068]","[-0.47923739879864774, 0.634328358208944, 0.11200995644057674, 0.25053238131028793, 1.4847763438165673, 0.23474178403755588, 0.5353918944157465]",2024-01-30 08:12:54
EXLS,ALGO_EMA_RSI_ADX_BB_CGPT,9,8,1,0.8301,0.1153,1.2222,0.3778,0.19841269841270595,0.8888888888888888,2024-01-25 21:00:00+00:00,10,EMA_RSI_ADX_BB_P1.5_L1.5_AVR_1H_STOCK_RESULTS,"[2023-12-21T15:00:00+00:00, 2024-01-02T16:00:00+00:00, 2024-01-03T21:00:00+00:00, 2024-01-05T18:00:00+00:00, 2024-01-05T20:00:00+00:00, 2024-01-08T15:00:00+00:00, 2024-01-17T15:00:00+00:00, 2024-01-25T18:00:00+00:00, 2024-01-25T20:00:00+00:00]","[2023-12-21T16:00:00+00:00, 2024-01-02T18:00:00+00:00, 2024-01-04T16:00:00+00:00, 2024-01-05T19:00:00+00:00, 2024-01-05T21:00:00+00:00, 2024-01-08T16:00:00+00:00, 2024-01-17T16:00:00+00:00, 2024-01-25T19:00:00+00:00, 2024-01-25T21:00:00+00:00]","[1.0, 2.0, 2.0, 1.0, 1.0, 1.0, 1.0, 1.0, 1.0]","[0.060000000000002274, 0.25800000000000267, 0.14000000000000057, 0.0400000000000027, 0.00999999999999801, 0.054999999999999716, 0.41000000000000014, -0.07000000000000028, 0.134999999999998]","[0.19841269841270595, 0.8577127659574557, 0.46713380046713565, 0.13449899125757464, 0.03376097231599598, 0.18443997317236657, 1.322580645161291, -0.2171889543903205, 0.4185397612773151]",2024-01-30 08:23:31
FID,ALGO_EMA_RSI_ADX_BB_CGPT,7,6,1,0.8942,0.0583,1.4286,0.3715,0.32782670180626183,0.8571428571428571,2024-01-29 17:00:00+00:00,6,EMA_RSI_ADX_BB_P1.5_L1.5_AVR_1H_STOCK_RESULTS,"[2023-12-20T21:00:00+00:00, 2024-01-11T18:00:00+00:00, 2024-01-16T17:00:00+00:00, 2024-01-16T20:00:00+00:00, 2024-01-17T16:00:00+00:00, 2024-01-17T21:00:00+00:00, 2024-01-29T16:00:00+00:00]","[2023-12-21T17:00:00+00:00, 2024-01-11T19:00:00+00:00, 2024-01-16T19:00:00+00:00, 2024-01-16T21:00:00+00:00, 2024-01-17T20:00:00+00:00, 2024-01-18T15:00:00+00:00, 2024-01-29T17:00:00+00:00]","[1.0, 1.0, 2.0, 1.0, 3.0, 1.0, 1.0]","[0.19299999999999962, 0.08999999999999808, -0.006000000000000227, 0.005000000000000782, 0.051000000000000156, 0.0519999999999996, 0.022999999999999687]","[1.2364661413287181, 0.5635566687539015, -0.03790271636134067, 0.0315656565656615, 0.32782670180626183, 0.33316248077908506, 0.14596687186647006]",2024-01-30 08:24:48
NVS,ALGO_EMA_RSI_ADX_BB_CGPT,7,6,1,0.7669,0.3600,1.1429,0.3645,0.1218597675290546,0.8571428571428571,2024-01-25 17:00:00+00:00,10,EMA_RSI_ADX_BB_P1.5_L1.5_AVR_1H_STOCK_RESULTS,"[2023-12-15T17:00:00+00:00, 2023-12-15T19:00:00+00:00, 2023-12-15T21:00:00+00:00, 2023-12-20T21:00:00+00:00, 2023-12-26T15:00:00+00:00, 2024-01-23T16:00:00+00:00, 2024-01-25T16:00:00+00:00]","[2023-12-15T18:00:00+00:00, 2023-12-15T20:00:00+00:00, 2023-12-18T15:00:00+00:00, 2023-12-21T16:00:00+00:00, 2023-12-26T16:00:00+00:00, 2024-01-23T17:00:00+00:00, 2024-01-25T17:00:00+00:00]","[1.0, 1.0, 1.0, 2.0, 1.0, 1.0, 1.0]","[0.09999999999999432, 0.030000000000001137, 0.9099999999999966, 1.1499999999999915, -0.10999999999999943, 0.3100000000000023, 0.12999999999999545]","[0.10256410256409673, 0.03081980686254483, 0.9342915811088259, 1.1837364899639644, -0.11162979500710313, 0.2898279730740485, 0.1218597675290546]",2024-01-30 08:43:13
POR,ALGO_EMA_RSI_ADX_BB_CGPT,6,6,0,0.9821,0.1385,1.3333,0.3267,0.1658207376622001,1.0,2024-01-12 15:00:00+00:00,23,EMA_RSI_ADX_BB_P1.5_L1.5_AVR_1H_STOCK_RESULTS,"[2023-12-20T21:00:00+00:00, 2024-01-09T16:00:00+00:00, 2024-01-10T17:00:00+00:00, 2024-01-11T16:00:00+00:00, 2024-01-11T19:00:00+00:00, 2024-01-11T21:00:00+00:00]","[2023-12-21T15:00:00+00:00, 2024-01-09T18:00:00+00:00, 2024-01-10T18:00:00+00:00, 2024-01-11T18:00:00+00:00, 2024-01-11T20:00:00+00:00, 2024-01-12T15:00:00+00:00]","[1.0, 2.0, 1.0, 2.0, 1.0, 1.0]","[0.3509999999999991, 0.01999999999999602, 0.020000000000003126, 0.29999999999999716, 0.05000000000000426, 0.09000000000000341]","[0.823885641856205, 0.04584001833599821, 0.045924225028709825, 0.7130972189208394, 0.1179662616491784, 0.2136752136752218]",2024-01-30 08:46:37
MA,ALGO_EMA_RSI_ADX_BB_CGPT,6,6,0,1.1156,1.3472,1.1667,0.3146,0.21029599775802882,1.0,2024-01-26 16:00:00+00:00,9,EMA_RSI_ADX_BB_P1.5_L1.5_AVR_1H_STOCK_RESULTS,"[2024-01-02T16:00:00+00:00, 2024-01-02T18:00:00+00:00, 2024-01-03T16:00:00+00:00, 2024-01-03T18:00:00+00:00, 2024-01-25T18:00:00+00:00, 2024-01-26T15:00:00+00:00]","[2024-01-02T17:00:00+00:00, 2024-01-02T19:00:00+00:00, 2024-01-03T17:00:00+00:00, 2024-01-03T19:00:00+00:00, 2024-01-25T20:00:00+00:00, 2024-01-26T16:00:00+00:00]","[1.0, 1.0, 1.0, 1.0, 2.0, 1.0]","[1.5749999999999886, 1.150000000000034, 0.4689999999999941, 0.4289999999999736, 0.6399999999999864, 3.819999999999993]","[0.3740515122368253, 0.27380300469037266, 0.11209395815955442, 0.10245314380695192, 0.14678899082568495, 0.8784032376747593]",2024-01-30 08:38:53
UNP,ALGO_EMA_RSI_ADX_BB_CGPT,8,7,1,0.9102,0.7512,1.3750,0.3123,0.23182375845156966,0.875,2024-01-25 18:00:00+00:00,10,EMA_RSI_ADX_BB_P1.5_L1.5_AVR_1H_STOCK_RESULTS,"[2024-01-02T16:00:00+00:00, 2024-01-02T20:00:00+00:00, 2024-01-03T15:00:00+00:00, 2024-01-03T21:00:00+00:00, 2024-01-05T17:00:00+00:00, 2024-01-05T20:00:00+00:00, 2024-01-08T16:00:00+00:00, 2024-01-25T16:00:00+00:00]","[2024-01-02T17:00:00+00:00, 2024-01-02T21:00:00+00:00, 2024-01-03T17:00:00+00:00, 2024-01-04T15:00:00+00:00, 2024-01-05T19:00:00+00:00, 2024-01-05T21:00:00+00:00, 2024-01-08T17:00:00+00:00, 2024-01-25T18:00:00+00:00]","[1.0, 1.0, 2.0, 1.0, 2.0, 1.0, 1.0, 2.0]","[0.5600000000000023, 0.2849999999999966, 0.9300000000000068, 1.2350000000000136, 0.19999999999998863, 0.5600000000000023, -0.2550000000000239, 2.494999999999976]","[0.22960229602296114, 0.11718990933201612, 0.3838533927687002, 0.5109005915691117, 0.0835666234905731, 0.23404522088017818, -0.10699450341963826, 1.0464506658278183]",2024-01-30 08:58:46
REYN,ALGO_EMA_RSI_ADX_BB_CGPT,7,6,1,0.8017,0.0819,1.0000,0.3090,0.22471910112360402,0.8571428571428571,2024-01-05 21:00:00+00:00,30,EMA_RSI_ADX_BB_P1.5_L1.5_AVR_1H_STOCK_RESULTS,"[2023-12-15T16:00:00+00:00, 2023-12-18T21:00:00+00:00, 2023-12-29T17:00:00+00:00, 2023-12-29T19:00:00+00:00, 2024-01-04T16:00:00+00:00, 2024-01-05T18:00:00+00:00, 2024-01-05T20:00:00+00:00]","[2023-12-15T17:00:00+00:00, 2023-12-19T15:00:00+00:00, 2023-12-29T18:00:00+00:00, 2023-12-29T20:00:00+00:00, 2024-01-04T17:00:00+00:00, 2024-01-05T19:00:00+00:00, 2024-01-05T21:00:00+00:00]","[1.0, 1.0, 1.0, 1.0, 1.0, 1.0, 1.0]","[-0.03999999999999915, 0.2829999999999977, 0.004999999999999005, 0.060000000000002274, 0.129999999999999, 0.03999999999999915, 0.09500000000000242]","[-0.15186028853454497, 1.0760456273764172, 0.018705574261126096, 0.22471910112360402, 0.4872563718140892, 0.15037593984962083, 0.3576807228915754]",2024-01-30 08:49:16
IAPR,ALGO_EMA_RSI_ADX_BB_CGPT,9,9,0,1.3399,0.0740,1.3333,0.2939,0.22130888397091739,1.0,2024-01-23 18:00:00+00:00,12,EMA_RSI_ADX_BB_P1.5_L1.5_AVR_1H_STOCK_RESULTS,"[2023-12-20T21:00:00+00:00, 2024-01-02T16:00:00+00:00, 2024-01-03T16:00:00+00:00, 2024-01-16T18:00:00+00:00, 2024-01-16T20:00:00+00:00, 2024-01-17T15:00:00+00:00, 2024-01-17T18:00:00+00:00, 2024-01-17T20:00:00+00:00, 2024-01-23T17:00:00+00:00]","[2023-12-21T15:00:00+00:00, 2024-01-02T18:00:00+00:00, 2024-01-03T18:00:00+00:00, 2024-01-16T19:00:00+00:00, 2024-01-16T21:00:00+00:00, 2024-01-17T17:00:00+00:00, 2024-01-17T19:00:00+00:00, 2024-01-17T21:00:00+00:00, 2024-01-23T18:00:00+00:00]","[1.0, 2.0, 2.0, 1.0, 1.0, 2.0, 1.0, 1.0, 1.0]","[0.1509999999999998, 0.0849999999999973, 0.05600000000000094, 0.00999999999999801, 0.04400000000000048, 0.1700000000000017, 0.029999999999997584, 0.09000000000000341, 0.030000000000001137]","[0.5970975522954636, 0.3327461342728412, 0.22130888397091739, 0.039525691699596875, 0.17380312845631413, 0.6827309236947859, 0.11985617259287888, 0.35885167464116197, 0.11881188118812332]",2024-01-30 08:31:17
SDY,ALGO_EMA_RSI_ADX_BB_CGPT,7,7,0,0.6895,0.3443,1.2857,0.2801,0.14517299782241053,1.0,2024-01-25 15:00:00+00:00,10,EMA_RSI_ADX_BB_P1.5_L1.5_AVR_1H_STOCK_RESULTS,"[2023-12-20T20:00:00+00:00, 2023-12-26T15:00:00+00:00, 2024-01-03T16:00:00+00:00, 2024-01-04T21:00:00+00:00, 2024-01-11T16:00:00+00:00, 2024-01-16T20:00:00+00:00, 2024-01-24T21:00:00+00:00]","[2023-12-21T15:00:00+00:00, 2023-12-26T16:00:00+00:00, 2024-01-03T17:00:00+00:00, 2024-01-05T15:00:00+00:00, 2024-01-11T18:00:00+00:00, 2024-01-16T21:00:00+00:00, 2024-01-25T15:00:00+00:00]","[2.0, 1.0, 1.0, 1.0, 2.0, 1.0, 1.0]","[0.20999999999999375, 0.1799999999999926, 0.21999999999999886, 0.18000000000000682, 0.009999999999990905, 0.12000000000000455, 1.4899999999999949]","[0.17026106696934792, 0.1446596479948506, 0.17686309188841456, 0.14517299782241053, 0.008087343307716056, 0.09732360097323971, 1.218514883873074]",2024-01-30 08:51:14
EPC,ALGO_EMA_RSI_ADX_BB_CGPT,8,8,0,1.6295,0.1013,1.2500,0.2778,0.27633902408194466,1.0,2024-01-25 15:00:00+00:00,10,EMA_RSI_ADX_BB_P1.5_L1.5_AVR_1H_STOCK_RESULTS,"[2023-12-15T20:00:00+00:00, 2023-12-21T17:00:00+00:00, 2024-01-03T21:00:00+00:00, 2024-01-04T18:00:00+00:00, 2024-01-05T18:00:00+00:00, 2024-01-16T18:00:00+00:00, 2024-01-16T21:00:00+00:00, 2024-01-24T19:00:00+00:00]","[2023-12-15T21:00:00+00:00, 2023-12-21T18:00:00+00:00, 2024-01-04T15:00:00+00:00, 2024-01-04T19:00:00+00:00, 2024-01-05T19:00:00+00:00, 2024-01-16T19:00:00+00:00, 2024-01-17T15:00:00+00:00, 2024-01-25T15:00:00+00:00]","[1.0, 1.0, 1.0, 1.0, 1.0, 1.0, 1.0, 3.0]","[0.01999999999999602, 0.01999999999999602, 0.13000000000000256, 0.09000000000000341, 0.09000000000000341, 0.13000000000000256, 0.10999999999999943, 0.21999999999999886]","[0.05600672080648564, 0.05535566011623587, 0.3636363636363708, 0.2518891687657526, 0.253521126760573, 0.3533568904593709, 0.29915692140331634, 0.5893383337797988]",2024-01-30 08:22:11
SAM,ALGO_EMA_RSI_ADX_BB_CGPT,7,6,1,0.834,0.9114,1.2857,0.2663,0.22304617345460337,0.8571428571428571,2024-01-24 20:00:00+00:00,11,EMA_RSI_ADX_BB_P1.5_L1.5_AVR_1H_STOCK_RESULTS,"[2023-12-12T17:00:00+00:00, 2023-12-13T16:00:00+00:00, 2023-12-15T19:00:00+00:00, 2023-12-20T20:00:00+00:00, 2023-12-21T18:00:00+00:00, 2023-12-29T17:00:00+00:00, 2024-01-24T19:00:00+00:00]","[2023-12-12T18:00:00+00:00, 2023-12-13T18:00:00+00:00, 2023-12-15T20:00:00+00:00, 2023-12-21T15:00:00+00:00, 2023-12-21T19:00:00+00:00, 2023-12-29T18:00:00+00:00, 2024-01-24T20:00:00+00:00]","[1.0, 2.0, 1.0, 2.0, 1.0, 1.0, 1.0]","[0.7699999999999818, 2.069999999999993, 1.3799999999999955, 2.019999999999982, 0.6999999999999886, 0.7599999999999909, -1.3199999999999932]","[0.22304617345460337, 0.6022343768183385, 0.4013844856170546, 0.5836379133499897, 0.2033583173551765, 0.21986287499638119, -0.3691894613190113]",2024-01-30 08:50:28
HESM,ALGO_EMA_RSI_ADX_BB_CGPT,6,6,0,1.3177,0.0758,1.3333,0.2430,0.1594666296653743,1.0,2024-01-09 17:00:00+00:00,26,EMA_RSI_ADX_BB_P1.5_L1.5_AVR_1H_STOCK_RESULTS,"[2023-12-21T15:00:00+00:00, 2023-12-28T21:00:00+00:00, 2023-12-29T16:00:00+00:00, 2024-01-05T19:00:00+00:00, 2024-01-08T16:00:00+00:00, 2024-01-09T16:00:00+00:00]","[2023-12-21T16:00:00+00:00, 2023-12-29T15:00:00+00:00, 2023-12-29T18:00:00+00:00, 2024-01-05T21:00:00+00:00, 2024-01-08T17:00:00+00:00, 2024-01-09T17:00:00+00:00]","[1.0, 1.0, 2.0, 2.0, 1.0, 1.0]","[0.13999999999999702, 0.030000000000001137, 0.03999999999999915, 0.02499999999999858, 0.05999999999999872, 0.16000000000000014]","[0.4465709728867528, 0.09475679090335166, 0.1265022137887386, 0.07932730445819, 0.19243104554201002, 0.5181347150259072]",2024-01-30 08:29:58
ALEX,ALGO_EMA_RSI_ADX_BB_CGPT,9,8,1,0.7193,0.0451,1.1111,0.2429,0.2196595277320107,0.8888888888888888,2024-01-09 20:00:00+00:00,26,EMA_RSI_ADX_BB_P1.5_L1.5_AVR_1H_STOCK_RESULTS,"[2024-01-03T16:00:00+00:00, 2024-01-03T21:00:00+00:00, 2024-01-04T18:00:00+00:00, 2024-01-04T21:00:00+00:00, 2024-01-05T18:00:00+00:00, 2024-01-05T20:00:00+00:00, 2024-01-08T15:00:00+00:00, 2024-01-09T16:00:00+00:00, 2024-01-09T19:00:00+00:00]","[2024-01-03T17:00:00+00:00, 2024-01-04T16:00:00+00:00, 2024-01-04T19:00:00+00:00, 2024-01-05T15:00:00+00:00, 2024-01-05T19:00:00+00:00, 2024-01-05T21:00:00+00:00, 2024-01-08T16:00:00+00:00, 2024-01-09T17:00:00+00:00, 2024-01-09T20:00:00+00:00]","[1.0, 2.0, 1.0, 1.0, 1.0, 1.0, 1.0, 1.0, 1.0]","[0.0400000000000027, 0.13100000000000023, 0.05000000000000071, 0.125, 0.029999999999997584, -0.0849999999999973, 0.05000000000000071, 0.03999999999999915, 0.02499999999999858]","[0.21186440677967533, 0.701284796573877, 0.26852846401718966, 0.6753106428957321, 0.1628664495113875, -0.46283691805062516, 0.27188689505166236, 0.2196595277320107, 0.1372495196266735]",2024-01-30 08:07:52
LGLV,ALGO_EMA_RSI_ADX_BB_CGPT,8,7,1,1.0615,0.3438,1.6250,0.2381,0.20828655044959749,0.875,2024-01-25 16:00:00+00:00,10,EMA_RSI_ADX_BB_P1.5_L1.5_AVR_1H_STOCK_RESULTS,"[2023-12-20T20:00:00+00:00, 2023-12-21T18:00:00+00:00, 2024-01-03T21:00:00+00:00, 2024-01-05T18:00:00+00:00, 2024-01-11T17:00:00+00:00, 2024-01-17T18:00:00+00:00, 2024-01-18T18:00:00+00:00, 2024-01-24T21:00:00+00:00]","[2023-12-21T16:00:00+00:00, 2023-12-21T19:00:00+00:00, 2024-01-04T16:00:00+00:00, 2024-01-05T19:00:00+00:00, 2024-01-11T20:00:00+00:00, 2024-01-17T20:00:00+00:00, 2024-01-18T19:00:00+00:00, 2024-01-25T16:00:00+00:00]","[3.0, 1.0, 1.0, 1.0, 2.0, 2.0, 1.0, 2.0]","[-0.103999999999985, 0.15000000000000568, 0.8899999999999864, 0.19499999999999318, 0.46399999999999864, 0.08400000000000318, 0.6610000000000014, 0.4099999999999966]","[-0.07276085466018233, 0.10532968190436465, 0.6171555370639944, 0.13532738818140336, 0.3216726980297538, 0.05819592628516225, 0.4584547093910399, 0.2812457127177916]",2024-01-30 08:37:40
CMSC,ALGO_EMA_RSI_ADX_BB_CGPT,7,6,1,1.0713,0.0573,1.2857,0.2344,0.17615731257680975,0.8571428571428571,2024-01-17 19:00:00+00:00,18,EMA_RSI_ADX_BB_P1.5_L1.5_AVR_1H_STOCK_RESULTS,"[2023-12-18T19:00:00+00:00, 2023-12-18T21:00:00+00:00, 2023-12-26T21:00:00+00:00, 2024-01-03T16:00:00+00:00, 2024-01-10T21:00:00+00:00, 2024-01-16T19:00:00+00:00, 2024-01-17T18:00:00+00:00]","[2023-12-18T20:00:00+00:00, 2023-12-19T15:00:00+00:00, 2023-12-27T17:00:00+00:00, 2024-01-03T17:00:00+00:00, 2024-01-11T16:00:00+00:00, 2024-01-16T20:00:00+00:00, 2024-01-17T19:00:00+00:00]","[1.0, 1.0, 2.0, 1.0, 2.0, 1.0, 1.0]","[0.019999999999999574, 0.11999999999999744, 0.1280000000000001, 0.04299999999999926, 0.0799999999999983, -0.020000000000003126, 0.030000000000001137]","[0.08163265306122275, 0.49059689288633457, 0.5255810133858919, 0.17615731257680975, 0.32560032560031865, -0.08130081300814279, 0.12234910277325096]",2024-01-30 08:16:18
TTWO,ALGO_EMA_RSI_ADX_BB_CGPT,9,8,1,0.7287,0.3550,1.1111,0.2212,0.13899418751579407,0.8888888888888888,2024-01-29 20:00:00+00:00,6,EMA_RSI_ADX_BB_P1.5_L1.5_AVR_1H_STOCK_RESULTS,"[2023-12-11T20:00:00+00:00, 2023-12-18T16:00:00+00:00, 2023-12-18T18:00:00+00:00, 2023-12-18T20:00:00+00:00, 2024-01-02T16:00:00+00:00, 2024-01-02T19:00:00+00:00, 2024-01-17T16:00:00+00:00, 2024-01-18T15:00:00+00:00, 2024-01-29T19:00:00+00:00]","[2023-12-11T21:00:00+00:00, 2023-12-18T17:00:00+00:00, 2023-12-18T19:00:00+00:00, 2023-12-18T21:00:00+00:00, 2024-01-02T18:00:00+00:00, 2024-01-02T20:00:00+00:00, 2024-01-17T17:00:00+00:00, 2024-01-18T16:00:00+00:00, 2024-01-29T20:00:00+00:00]","[1.0, 1.0, 1.0, 1.0, 2.0, 1.0, 1.0, 1.0, 1.0]","[0.03999999999999204, 0.3849999999999909, 0.21999999999999886, 0.160000000000025, 0.7249999999999943, 0.21999999999999886, 1.0900000000000034, -0.5249999999999773, 0.8799999999999955]","[0.026226068712294805, 0.242718446601936, 0.13899418751579407, 0.1010164783130406, 0.4572545804295004, 0.13873123975280544, 0.6833855799373062, -0.32720473667807876, 0.5299927728258224]",2024-01-30 08:57:44
OEF,ALGO_EMA_RSI_ADX_BB_CGPT,7,7,0,1.5527,0.4776,1.5714,0.2157,0.1977350350530279,1.0,2024-01-17 20:00:00+00:00,18,EMA_RSI_ADX_BB_P1.5_L1.5_AVR_1H_STOCK_RESULTS,"[2023-12-20T20:00:00+00:00, 2023-12-29T17:00:00+00:00, 2024-01-02T16:00:00+00:00, 2024-01-02T20:00:00+00:00, 2024-01-04T21:00:00+00:00, 2024-01-17T16:00:00+00:00, 2024-01-17T19:00:00+00:00]","[2023-12-21T16:00:00+00:00, 2023-12-29T19:00:00+00:00, 2024-01-02T17:00:00+00:00, 2024-01-02T21:00:00+00:00, 2024-01-05T15:00:00+00:00, 2024-01-17T18:00:00+00:00, 2024-01-17T20:00:00+00:00]","[3.0, 2.0, 1.0, 1.0, 1.0, 2.0, 1.0]","[0.10000000000002274, 0.4399999999999977, 0.8329999999999984, 0.9000000000000057, 0.5099999999999909, 0.12000000000000455, 0.4399999999999977]","[0.04511820970944899, 0.19752199676782087, 0.376463144574501, 0.40738728951656966, 0.23201856148491468, 0.05382131324004509, 0.1977350350530279]",2024-01-30 08:43:36
TDVG,ALGO_EMA_RSI_ADX_BB_CGPT,8,7,1,1.2418,0.0705,1.1250,0.2019,0.21630697624963935,0.875,2024-01-17 16:00:00+00:00,18,EMA_RSI_ADX_BB_P1.5_L1.5_AVR_1H_STOCK_RESULTS,"[2024-01-02T20:00:00+00:00, 2024-01-03T16:00:00+00:00, 2024-01-03T21:00:00+00:00, 2024-01-04T21:00:00+00:00, 2024-01-11T17:00:00+00:00, 2024-01-16T18:00:00+00:00, 2024-01-16T20:00:00+00:00, 2024-01-17T15:00:00+00:00]","[2024-01-02T21:00:00+00:00, 2024-01-03T18:00:00+00:00, 2024-01-04T15:00:00+00:00, 2024-01-05T15:00:00+00:00, 2024-01-11T18:00:00+00:00, 2024-01-16T19:00:00+00:00, 2024-01-16T21:00:00+00:00, 2024-01-17T16:00:00+00:00]","[1.0, 2.0, 1.0, 1.0, 1.0, 1.0, 1.0, 1.0]","[0.0899999999999963, 0.06500000000000483, 0.14399999999999835, 0.13000000000000256, 0.08099999999999596, -0.026000000000003354, 0.07000000000000028, 0.00999999999999801]","[0.25670279520820394, 0.18595336861680686, 0.41284403669724296, 0.37292025243833204, 0.23209834092666254, -0.07442179986261552, 0.20051561157261613, 0.02866150759529381]",2024-01-30 08:55:41
IYG,ALGO_EMA_RSI_ADX_BB_CGPT,9,8,1,0.8615,0.3530,1.2222,0.2008,0.16363379884327384,0.8888888888888888,2024-01-18 19:00:00+00:00,17,EMA_RSI_ADX_BB_P1.5_L1.5_AVR_1H_STOCK_RESULTS,"[2024-01-02T16:00:00+00:00, 2024-01-03T16:00:00+00:00, 2024-01-11T16:00:00+00:00, 2024-01-16T16:00:00+00:00, 2024-01-16T19:00:00+00:00, 2024-01-17T18:00:00+00:00, 2024-01-17T20:00:00+00:00, 2024-01-18T16:00:00+00:00, 2024-01-18T18:00:00+00:00]","[2024-01-02T17:00:00+00:00, 2024-01-03T17:00:00+00:00, 2024-01-11T18:00:00+00:00, 2024-01-16T18:00:00+00:00, 2024-01-16T20:00:00+00:00, 2024-01-17T19:00:00+00:00, 2024-01-17T21:00:00+00:00, 2024-01-18T17:00:00+00:00, 2024-01-18T19:00:00+00:00]","[1.0, 1.0, 2.0, 2.0, 1.0, 1.0, 1.0, 1.0, 1.0]","[0.6899999999999977, 0.28999999999999204, 0.5, 0.1599999999999966, 0.01999999999998181, 0.23099999999999454, 0.6659999999999968, -0.3599999999999852, 0.9800000000000182]","[0.386966518983791, 0.16363379884327384, 0.2830615942028986, 0.09120446901897998, 0.011402508551871044, 0.1323941563168029, 0.38169688911304006, -0.20673021706671943, 0.5633802816901514]",2024-01-30 08:34:54
IXUS,ALGO_EMA_RSI_ADX_BB_CGPT,7,6,1,0.6116,0.1167,2.0000,0.1841,0.15222849968612887,0.8571428571428571,2024-01-11 18:00:00+00:00,24,EMA_RSI_ADX_BB_P1.5_L1.5_AVR_1H_STOCK_RESULTS,"[2023-12-20T20:00:00+00:00, 2023-12-26T15:00:00+00:00, 2024-01-02T16:00:00+00:00, 2024-01-03T15:00:00+00:00, 2024-01-03T19:00:00+00:00, 2024-01-04T15:00:00+00:00, 2024-01-11T17:00:00+00:00]","[2023-12-21T15:00:00+00:00, 2023-12-26T16:00:00+00:00, 2024-01-02T21:00:00+00:00, 2024-01-03T18:00:00+00:00, 2024-01-03T20:00:00+00:00, 2024-01-04T16:00:00+00:00, 2024-01-11T18:00:00+00:00]","[2.0, 1.0, 5.0, 3.0, 1.0, 1.0, 1.0]","[0.490000000000002, 0.009999999999990905, -0.12000000000000455, 0.030000000000001137, 0.09700000000000131, 0.18500000000000227, 0.125]","[0.774091627172199, 0.015535187198991617, -0.1867413632119585, 0.0470883691728161, 0.15222849968612887, 0.2899686520376211, 0.19664909934712502]",2024-01-30 08:35:00
DHR,ALGO_EMA_RSI_ADX_BB_CGPT,8,7,1,1.0249,0.3928,1.2500,0.1722,0.2120744024162592,0.875,2024-01-25 21:00:00+00:00,10,EMA_RSI_ADX_BB_P1.5_L1.5_AVR_1H_STOCK_RESULTS,"[2024-01-05T18:00:00+00:00, 2024-01-05T20:00:00+00:00, 2024-01-10T16:00:00+00:00, 2024-01-12T16:00:00+00:00, 2024-01-12T20:00:00+00:00, 2024-01-17T20:00:00+00:00, 2024-01-24T20:00:00+00:00, 2024-01-25T19:00:00+00:00]","[2024-01-05T19:00:00+00:00, 2024-01-05T21:00:00+00:00, 2024-01-10T17:00:00+00:00, 2024-01-12T17:00:00+00:00, 2024-01-12T21:00:00+00:00, 2024-01-17T21:00:00+00:00, 2024-01-25T15:00:00+00:00, 2024-01-25T21:00:00+00:00]","[1.0, 1.0, 1.0, 1.0, 1.0, 1.0, 2.0, 2.0]","[0.8600000000000136, 0.7220000000000084, 0.4099999999999966, 0.16500000000002046, 0.1599999999999966, 0.5449999999999875, 0.5999999999999943, -0.3199999999999932]","[0.37440139312146875, 0.3146545337273089, 0.18083980239943392, 0.07314802500333398, 0.07107636266713899, 0.24330900243308443, 0.2611534276387353, -0.14058518583603952]",2024-01-30 08:19:15
NXP,ALGO_EMA_RSI_ADX_BB_CGPT,9,9,0,1.2077,0.0247,1.2222,0.1684,0.10319917440660867,1.0,2024-01-22 21:00:00+00:00,13,EMA_RSI_ADX_BB_P1.5_L1.5_AVR_1H_STOCK_RESULTS,"[2023-12-20T21:00:00+00:00, 2024-01-05T16:00:00+00:00, 2024-01-09T21:00:00+00:00, 2024-01-10T21:00:00+00:00, 2024-01-11T18:00:00+00:00, 2024-01-16T19:00:00+00:00, 2024-01-17T18:00:00+00:00, 2024-01-17T20:00:00+00:00, 2024-01-22T20:00:00+00:00]","[2023-12-21T16:00:00+00:00, 2024-01-05T17:00:00+00:00, 2024-01-10T15:00:00+00:00, 2024-01-11T15:00:00+00:00, 2024-01-11T20:00:00+00:00, 2024-01-16T20:00:00+00:00, 2024-01-17T19:00:00+00:00, 2024-01-17T21:00:00+00:00, 2024-01-22T21:00:00+00:00]","[2.0, 1.0, 1.0, 1.0, 2.0, 1.0, 1.0, 1.0, 1.0]","[0.0129999999999999, 0.015000000000000568, 0.019999999999999574, 0.06799999999999962, 0.040000000000000924, 0.009000000000000341, 0.006000000000000227, 0.03599999999999959, 0.015000000000000568]","[0.08873720136518704, 0.10107816711590678, 0.1353912808015135, 0.4634678298800409, 0.2741603838245437, 0.0616438356164407, 0.04116920543433668, 0.2471848393298516, 0.10319917440660867]",2024-01-30 08:43:17
FJUN,ALGO_EMA_RSI_ADX_BB_CGPT,8,7,1,1.0098,0.0735,1.1250,0.1682,0.1703079273616333,0.875,2024-01-17 20:00:00+00:00,18,EMA_RSI_ADX_BB_P1.5_L1.5_AVR_1H_STOCK_RESULTS,"[2023-12-29T18:00:00+00:00, 2024-01-02T16:00:00+00:00, 2024-01-02T20:00:00+00:00, 2024-01-03T17:00:00+00:00, 2024-01-03T21:00:00+00:00, 2024-01-04T21:00:00+00:00, 2024-01-16T19:00:00+00:00, 2024-01-17T19:00:00+00:00]","[2023-12-29T19:00:00+00:00, 2024-01-02T18:00:00+00:00, 2024-01-02T21:00:00+00:00, 2024-01-03T18:00:00+00:00, 2024-01-04T16:00:00+00:00, 2024-01-05T15:00:00+00:00, 2024-01-16T20:00:00+00:00, 2024-01-17T20:00:00+00:00]","[1.0, 2.0, 1.0, 1.0, 1.0, 1.0, 1.0, 1.0]","[0.030999999999998806, 0.028000000000005798, 0.09199999999999875, 0.05700000000000216, 0.12000000000000455, 0.20000000000000284, 0.09799999999999898, -0.03800000000000381]","[0.07034423290748328, 0.06382493731480693, 0.21015121750650725, 0.13046463721675935, 0.27510316368639287, 0.45966444495518927, 0.22292993630573013, -0.08662943120940113]",2024-01-30 08:25:03
SLG,ALGO_EMA_RSI_ADX_BB_CGPT,7,7,0,0.6677,0.9476,1.1429,2.2625,0.9364774906916374,1.0,2024-01-17 20:00:00+00:00,18,EMA_RSI_ADX_BB_P1_L.75_AV_1H_STOCK_RESULTS,"[2023-12-13T19:00:00+00:00, 2023-12-29T16:00:00+00:00, 2023-12-29T21:00:00+00:00, 2024-01-02T16:00:00+00:00, 2024-01-03T16:00:00+00:00, 2024-01-16T16:00:00+00:00, 2024-01-17T19:00:00+00:00]","[2023-12-13T20:00:00+00:00, 2023-12-29T17:00:00+00:00, 2024-01-02T15:00:00+00:00, 2024-01-02T17:00:00+00:00, 2024-01-03T18:00:00+00:00, 2024-01-16T17:00:00+00:00, 2024-01-17T20:00:00+00:00]","[1.0, 1.0, 1.0, 1.0, 2.0, 1.0, 1.0]","[4.170000000000002, 0.07000000000000028, 0.375, 1.1199999999999974, 0.4299999999999997, 0.41499999999999915, 0.05299999999999727]","[10.319227913882708, 0.15300546448087496, 0.8304728158564944, 2.487230735065506, 0.9855603942241571, 0.9364774906916374, 0.12539333286014448]",2024-01-29 21:14:43
MLAB,ALGO_EMA_RSI_ADX_BB_CGPT,7,6,1,0.731,1.7436,1.1429,1.7714,1.0782728030191582,0.8571428571428571,2024-01-10 21:00:00+00:00,25,EMA_RSI_ADX_BB_P1_L.75_AV_1H_STOCK_RESULTS,"[2023-12-20T21:00:00+00:00, 2024-01-03T16:00:00+00:00, 2024-01-03T19:00:00+00:00, 2024-01-03T21:00:00+00:00, 2024-01-05T18:00:00+00:00, 2024-01-10T16:00:00+00:00, 2024-01-10T20:00:00+00:00]","[2023-12-21T16:00:00+00:00, 2024-01-03T17:00:00+00:00, 2024-01-03T20:00:00+00:00, 2024-01-04T15:00:00+00:00, 2024-01-05T19:00:00+00:00, 2024-01-10T17:00:00+00:00, 2024-01-10T21:00:00+00:00]","[2.0, 1.0, 1.0, 1.0, 1.0, 1.0, 1.0]","[1.8399999999999892, 1.0999999999999943, -1.5400000000000063, 6.75, 0.9599999999999937, 0.7000000000000028, 2.394999999999996]","[1.7949468344551645, 1.0782728030191582, -1.5598095816874367, 6.937307297019528, 0.982097186700761, 0.7087172218284934, 2.4583012573774656]",2024-01-29 21:01:02
CYRX,ALGO_EMA_RSI_ADX_BB_CGPT,9,8,1,1.162,0.1451,1.2222,0.9502,0.8392511297611298,0.8888888888888888,2024-01-10 20:00:00+00:00,25,EMA_RSI_ADX_BB_P1_L.75_AV_1H_STOCK_RESULTS,"[2023-12-13T15:00:00+00:00, 2023-12-20T21:00:00+00:00, 2023-12-26T16:00:00+00:00, 2023-12-29T16:00:00+00:00, 2023-12-29T21:00:00+00:00, 2024-01-03T16:00:00+00:00, 2024-01-10T15:00:00+00:00, 2024-01-10T17:00:00+00:00, 2024-01-10T19:00:00+00:00]","[2023-12-13T16:00:00+00:00, 2023-12-21T15:00:00+00:00, 2023-12-26T17:00:00+00:00, 2023-12-29T19:00:00+00:00, 2024-01-02T15:00:00+00:00, 2024-01-03T17:00:00+00:00, 2024-01-10T16:00:00+00:00, 2024-01-10T18:00:00+00:00, 2024-01-10T20:00:00+00:00]","[1.0, 1.0, 1.0, 3.0, 1.0, 1.0, 1.0, 1.0, 1.0]","[0.08000000000000007, 0.28000000000000114, 0.11299999999999955, 0.129999999999999, 0.3800000000000008, 0.10500000000000043, -0.09500000000000064, 0.16799999999999926, 0.14499999999999957]","[0.5468215994531789, 1.7925736235595464, 0.7103790783931574, 0.8392511297611298, 2.450032237266285, 0.709699222710378, -0.6489071038251409, 1.1489536315141518, 1.003113109650637]",2024-01-29 20:39:40
TWKS,ALGO_EMA_RSI_ADX_BB_CGPT,7,6,1,0.905,0.0443,1.2857,0.9393,0.41450777202071654,0.8571428571428571,2024-01-17 17:00:00+00:00,18,EMA_RSI_ADX_BB_P1_L.75_AV_1H_STOCK_RESULTS,"[2023-12-29T16:00:00+00:00, 2023-12-29T21:00:00+00:00, 2024-01-02T16:00:00+00:00, 2024-01-02T20:00:00+00:00, 2024-01-03T18:00:00+00:00, 2024-01-03T21:00:00+00:00, 2024-01-17T16:00:00+00:00]","[2023-12-29T19:00:00+00:00, 2024-01-02T15:00:00+00:00, 2024-01-02T17:00:00+00:00, 2024-01-02T21:00:00+00:00, 2024-01-03T19:00:00+00:00, 2024-01-04T15:00:00+00:00, 2024-01-17T17:00:00+00:00]","[3.0, 1.0, 1.0, 1.0, 1.0, 1.0, 1.0]","[0.019999999999999574, 0.05999999999999961, 0.10000000000000053, 0.125, -0.009999999999999787, 0.004999999999999893, 0.009999999999999787]","[0.41450777202071654, 1.2448132780082906, 2.100840336134465, 2.6939655172413794, -0.21574973031283254, 0.11037527593818748, 0.2265005662514108]",2024-01-29 21:19:47
CHEF,ALGO_EMA_RSI_ADX_BB_CGPT,10,9,1,0.7999,0.2586,1.1000,0.8982,0.5383995444367208,0.9,2024-01-17 15:00:00+00:00,18,EMA_RSI_ADX_BB_P1_L.75_AV_1H_STOCK_RESULTS,"[2023-12-19T15:00:00+00:00, 2023-12-29T17:00:00+00:00, 2023-12-29T20:00:00+00:00, 2024-01-02T16:00:00+00:00, 2024-01-03T21:00:00+00:00, 2024-01-09T15:00:00+00:00, 2024-01-10T20:00:00+00:00, 2024-01-11T17:00:00+00:00, 2024-01-16T19:00:00+00:00, 2024-01-16T21:00:00+00:00]","[2023-12-19T16:00:00+00:00, 2023-12-29T18:00:00+00:00, 2023-12-29T21:00:00+00:00, 2024-01-02T17:00:00+00:00, 2024-01-04T16:00:00+00:00, 2024-01-09T16:00:00+00:00, 2024-01-10T21:00:00+00:00, 2024-01-11T18:00:00+00:00, 2024-01-16T20:00:00+00:00, 2024-01-17T15:00:00+00:00]","[1.0, 1.0, 1.0, 1.0, 2.0, 1.0, 1.0, 1.0, 1.0, 1.0]","[-0.08999999999999986, 0.029999999999997584, 0.03999999999999915, 0.3210000000000015, 1.009999999999998, 0.03999999999999915, 0.28999999999999915, 0.634999999999998, 0.14000000000000057, 0.16999999999999815]","[-0.3082191780821913, 0.10183299389001216, 0.136193394620358, 1.1088082901554457, 3.5401331931300315, 0.13422818791946023, 0.9965635738831585, 2.1957123098201867, 0.4861111111111131, 0.5906879777623285]",2024-01-29 20:37:13
GGAL,ALGO_EMA_RSI_ADX_BB_CGPT,8,7,1,1.0904,0.1279,1.2500,0.7803,0.8986176743923079,0.875,2024-01-09 20:00:00+00:00,26,EMA_RSI_ADX_BB_P1_L.75_AV_1H_STOCK_RESULTS,"[2023-12-15T19:00:00+00:00, 2023-12-15T21:00:00+00:00, 2023-12-19T17:00:00+00:00, 2024-01-02T16:00:00+00:00, 2024-01-04T15:00:00+00:00, 2024-01-04T20:00:00+00:00, 2024-01-09T17:00:00+00:00, 2024-01-09T19:00:00+00:00]","[2023-12-15T20:00:00+00:00, 2023-12-18T15:00:00+00:00, 2023-12-19T18:00:00+00:00, 2024-01-02T17:00:00+00:00, 2024-01-04T16:00:00+00:00, 2024-01-05T16:00:00+00:00, 2024-01-09T18:00:00+00:00, 2024-01-09T20:00:00+00:00]","[1.0, 1.0, 1.0, 1.0, 1.0, 3.0, 1.0, 1.0]","[-0.10000000000000142, 0.28999999999999915, 0.2480000000000011, 0.15500000000000114, 0.17999999999999972, 0.029999999999997584, 0.14000000000000057, 0.08000000000000007]","[-0.6042296072507639, 1.762917933130694, 1.5057680631451191, 0.9128386336866969, 1.0843373493975885, 0.18365472910925978, 0.8843967150979188, 0.5128205128205132]",2024-01-29 20:49:14
SM,ALGO_EMA_RSI_ADX_BB_CGPT,7,6,1,0.9049,0.2979,1.1429,0.7786,0.6532532009406846,0.8571428571428571,2024-01-08 17:00:00+00:00,27,EMA_RSI_ADX_BB_P1_L.75_AV_1H_STOCK_RESULTS,"[2023-12-29T16:00:00+00:00, 2023-12-29T21:00:00+00:00, 2024-01-04T17:00:00+00:00, 2024-01-04T21:00:00+00:00, 2024-01-05T18:00:00+00:00, 2024-01-05T20:00:00+00:00, 2024-01-08T16:00:00+00:00]","[2023-12-29T18:00:00+00:00, 2024-01-02T15:00:00+00:00, 2024-01-04T18:00:00+00:00, 2024-01-05T15:00:00+00:00, 2024-01-05T19:00:00+00:00, 2024-01-05T21:00:00+00:00, 2024-01-08T17:00:00+00:00]","[2.0, 1.0, 1.0, 1.0, 1.0, 1.0, 1.0]","[0.10000000000000142, 1.009999999999998, -0.11000000000000654, 0.25, 0.1599999999999966, 0.41499999999999915, 0.259999999999998]","[0.2572678157962476, 2.6091449237922966, -0.28504793988081506, 0.6532532009406846, 0.42149631190726183, 1.0967230443974607, 0.6974248927038573]",2024-01-29 21:14:49
AER,ALGO_EMA_RSI_ADX_BB_CGPT,9,8,1,0.9335,0.5489,1.0000,0.7661,0.4852378348824549,0.8888888888888888,2024-01-17 17:00:00+00:00,18,EMA_RSI_ADX_BB_P1_L.75_AV_1H_STOCK_RESULTS,"[2023-12-18T21:00:00+00:00, 2023-12-20T21:00:00+00:00, 2024-01-02T20:00:00+00:00, 2024-01-03T16:00:00+00:00, 2024-01-03T18:00:00+00:00, 2024-01-03T21:00:00+00:00, 2024-01-16T18:00:00+00:00, 2024-01-16T20:00:00+00:00, 2024-01-17T16:00:00+00:00]","[2023-12-19T15:00:00+00:00, 2023-12-21T15:00:00+00:00, 2024-01-02T21:00:00+00:00, 2024-01-03T17:00:00+00:00, 2024-01-03T19:00:00+00:00, 2024-01-04T15:00:00+00:00, 2024-01-16T19:00:00+00:00, 2024-01-16T21:00:00+00:00, 2024-01-17T17:00:00+00:00]","[1.0, 1.0, 1.0, 1.0, 1.0, 1.0, 1.0, 1.0, 1.0]","[0.45999999999999375, 1.394999999999996, 0.4000000000000057, 0.10999999999999943, 0.1700000000000017, 1.75, -0.030000000000001137, 0.3299999999999983, 0.355000000000004]","[0.6323024054982732, 1.9412747008071194, 0.5557871335278668, 0.15536723163841729, 0.23920078795553923, 2.4766487404472124, -0.04081077404434925, 0.4495300367797279, 0.4852378348824549]",2024-01-29 20:28:20
UTSL,ALGO_EMA_RSI_ADX_BB_CGPT,8,7,1,1.0031,0.1549,1.2500,0.7549,0.7164599386873868,0.875,2024-01-12 15:00:00+00:00,23,EMA_RSI_ADX_BB_P1_L.75_AV_1H_STOCK_RESULTS,"[2023-12-15T20:00:00+00:00, 2023-12-18T17:00:00+00:00, 2023-12-20T21:00:00+00:00, 2023-12-21T17:00:00+00:00, 2023-12-21T20:00:00+00:00, 2024-01-11T16:00:00+00:00, 2024-01-11T18:00:00+00:00, 2024-01-11T21:00:00+00:00]","[2023-12-15T21:00:00+00:00, 2023-12-18T18:00:00+00:00, 2023-12-21T16:00:00+00:00, 2023-12-21T19:00:00+00:00, 2023-12-21T21:00:00+00:00, 2024-01-11T17:00:00+00:00, 2024-01-11T19:00:00+00:00, 2024-01-12T15:00:00+00:00]","[1.0, 1.0, 2.0, 2.0, 1.0, 1.0, 1.0, 1.0]","[0.030000000000001137, 0.26799999999999713, 0.39399999999999835, 0.07000000000000028, 0.1999999999999993, -0.10300000000000153, 0.08999999999999986, 0.28999999999999915]","[0.13959981386692014, 1.2605832549388387, 1.9444307358239072, 0.3494757863205206, 0.9975062344139616, -0.49727224448414775, 0.43541364296081203, 1.4098201263976624]",2024-01-29 21:21:27
AAP,ALGO_EMA_RSI_ADX_BB_CGPT,7,7,0,0.7299,0.4071,1.0000,0.6667,0.3056083257619596,1.0,2024-01-17 20:00:00+00:00,18,EMA_RSI_ADX_BB_P1_L.75_AV_1H_STOCK_RESULTS,"[2024-01-02T15:00:00+00:00, 2024-01-04T17:00:00+00:00, 2024-01-04T20:00:00+00:00, 2024-01-10T19:00:00+00:00, 2024-01-11T15:00:00+00:00, 2024-01-17T17:00:00+00:00, 2024-01-17T19:00:00+00:00]","[2024-01-02T16:00:00+00:00, 2024-01-04T18:00:00+00:00, 2024-01-04T21:00:00+00:00, 2024-01-10T20:00:00+00:00, 2024-01-11T16:00:00+00:00, 2024-01-17T18:00:00+00:00, 2024-01-17T20:00:00+00:00]","[1.0, 1.0, 1.0, 1.0, 1.0, 1.0, 1.0]","[1.7399999999999949, 0.18500000000000227, 0.15500000000000114, 0.10000000000000142, 0.259999999999998, 0.09000000000000341, 0.3200000000000003]","[2.8373420301671337, 0.3056083257619596, 0.25689898069114303, 0.1648261084555817, 0.42601999016876624, 0.14805066622800364, 0.5283143470364872]",2024-01-29 20:27:34
VAC,ALGO_EMA_RSI_ADX_BB_CGPT,10,9,1,0.6277,0.5410,1.5000,0.6398,0.2555769753315699,0.9,2024-01-29 17:00:00+00:00,6,EMA_RSI_ADX_BB_P1_L.75_AV_1H_STOCK_RESULTS,"[2023-12-20T20:00:00+00:00, 2023-12-29T16:00:00+00:00, 2023-12-29T21:00:00+00:00, 2024-01-11T15:00:00+00:00, 2024-01-12T16:00:00+00:00, 2024-01-12T20:00:00+00:00, 2024-01-16T15:00:00+00:00, 2024-01-16T17:00:00+00:00, 2024-01-16T19:00:00+00:00, 2024-01-29T16:00:00+00:00]","[2023-12-21T15:00:00+00:00, 2023-12-29T19:00:00+00:00, 2024-01-02T15:00:00+00:00, 2024-01-11T16:00:00+00:00, 2024-01-12T19:00:00+00:00, 2024-01-12T21:00:00+00:00, 2024-01-16T16:00:00+00:00, 2024-01-16T18:00:00+00:00, 2024-01-16T20:00:00+00:00, 2024-01-29T17:00:00+00:00]","[2.0, 3.0, 1.0, 1.0, 3.0, 1.0, 1.0, 1.0, 1.0, 1.0]","[0.7999999999999972, 0.12999999999999545, 2.964999999999989, 0.29000000000000625, 0.539999999999992, -0.10999999999999943, 0.4650000000000034, 0.14000000000000057, 0.04000000000000625, 0.15000000000000568]","[0.9483167377904186, 0.15286923800563904, 3.493578414044997, 0.3359203058033201, 0.6430102405334508, -0.1308122249970263, 0.5631926361048912, 0.1683299266562469, 0.04790992933286173, 0.17523364485981974]",2024-01-29 21:21:51
VNO,ALGO_EMA_RSI_ADX_BB_CGPT,8,7,1,1.0767,0.1700,1.2500,0.6192,0.5737269752259514,0.875,2024-01-16 17:00:00+00:00,19,EMA_RSI_ADX_BB_P1_L.75_AV_1H_STOCK_RESULTS,"[2023-12-29T16:00:00+00:00, 2023-12-29T18:00:00+00:00, 2023-12-29T21:00:00+00:00, 2024-01-03T16:00:00+00:00, 2024-01-03T21:00:00+00:00, 2024-01-10T15:00:00+00:00, 2024-01-11T16:00:00+00:00, 2024-01-16T16:00:00+00:00]","[2023-12-29T17:00:00+00:00, 2023-12-29T19:00:00+00:00, 2024-01-02T15:00:00+00:00, 2024-01-03T18:00:00+00:00, 2024-01-04T15:00:00+00:00, 2024-01-10T16:00:00+00:00, 2024-01-11T18:00:00+00:00, 2024-01-16T17:00:00+00:00]","[1.0, 1.0, 1.0, 2.0, 1.0, 1.0, 2.0, 1.0]","[0.07000000000000028, -0.08999999999999986, 0.20000000000000284, 0.120000000000001, 0.36999999999999744, 0.36999999999999744, 0.03500000000000014, 0.28500000000000014]","[0.24449877750611346, -0.31358885017421556, 0.708215297450435, 0.4392386530014678, 1.356304985337234, 1.3242662848961968, 0.12839325018341943, 1.0660183280344122]",2024-01-29 21:22:52
MIDU,ALGO_EMA_RSI_ADX_BB_CGPT,9,8,1,0.7527,0.2294,1.5556,0.5344,0.6165228113440198,0.8888888888888888,2024-01-25 16:00:00+00:00,10,EMA_RSI_ADX_BB_P1_L.75_AV_1H_STOCK_RESULTS,"[2023-12-29T21:00:00+00:00, 2024-01-02T16:00:00+00:00, 2024-01-02T20:00:00+00:00, 2024-01-03T16:00:00+00:00, 2024-01-11T16:00:00+00:00, 2024-01-16T17:00:00+00:00, 2024-01-16T19:00:00+00:00, 2024-01-17T16:00:00+00:00, 2024-01-24T21:00:00+00:00]","[2024-01-02T15:00:00+00:00, 2024-01-02T17:00:00+00:00, 2024-01-02T21:00:00+00:00, 2024-01-03T18:00:00+00:00, 2024-01-11T18:00:00+00:00, 2024-01-16T18:00:00+00:00, 2024-01-16T21:00:00+00:00, 2024-01-17T18:00:00+00:00, 2024-01-25T16:00:00+00:00]","[1.0, 1.0, 1.0, 2.0, 2.0, 1.0, 2.0, 2.0, 2.0]","[0.09000000000000341, 0.7100000000000009, 0.4440000000000026, 0.38000000000000256, 0.3499999999999943, 0.011000000000002785, 0.25, -0.39000000000000057, 0.21999999999999886]","[0.2028397565922998, 1.617680565048988, 1.023843564082467, 0.9141207601635856, 0.8584743684081292, 0.027074257303903088, 0.6165228113440198, -0.973782771535582, 0.5226894749346611]",2024-01-29 21:01:12
CMI,ALGO_EMA_RSI_ADX_BB_CGPT,9,9,0,1.2323,1.2340,1.4444,0.5198,0.7045818918234695,1.0,2024-01-16 21:00:00+00:00,19,EMA_RSI_ADX_BB_P1_L.75_AV_1H_STOCK_RESULTS,"[2023-12-20T21:00:00+00:00, 2023-12-22T16:00:00+00:00, 2023-12-22T21:00:00+00:00, 2023-12-28T15:00:00+00:00, 2024-01-03T16:00:00+00:00, 2024-01-05T15:00:00+00:00, 2024-01-11T16:00:00+00:00, 2024-01-16T16:00:00+00:00, 2024-01-16T19:00:00+00:00]","[2023-12-21T15:00:00+00:00, 2023-12-22T18:00:00+00:00, 2023-12-26T15:00:00+00:00, 2023-12-28T16:00:00+00:00, 2024-01-03T17:00:00+00:00, 2024-01-05T16:00:00+00:00, 2024-01-11T18:00:00+00:00, 2024-01-16T18:00:00+00:00, 2024-01-16T21:00:00+00:00]","[1.0, 2.0, 1.0, 1.0, 1.0, 1.0, 2.0, 2.0, 2.0]","[2.210000000000008, 1.6699999999999875, 2.2150000000000034, 0.04999999999998295, 2.180000000000007, 2.1899999999999977, 0.18000000000000682, 0.05099999999998772, 0.36000000000001364]","[0.9188043071550359, 0.7045818918234695, 0.9345597232184311, 0.020875083500326883, 0.9219708183548349, 0.925378179667032, 0.07627118644068086, 0.02174385736029048, 0.15357706582484265]",2024-01-29 20:37:45
FOUR,ALGO_EMA_RSI_ADX_BB_CGPT,12,11,1,0.8997,0.3583,1.2500,0.4989,0.4533755458309834,0.9166666666666666,2024-01-25 19:00:00+00:00,10,EMA_RSI_ADX_BB_P1_L.75_AV_1H_STOCK_RESULTS,"[2023-12-13T17:00:00+00:00, 2024-01-02T16:00:00+00:00, 2024-01-02T20:00:00+00:00, 2024-01-03T16:00:00+00:00, 2024-01-03T18:00:00+00:00, 2024-01-03T21:00:00+00:00, 2024-01-11T16:00:00+00:00, 2024-01-17T16:00:00+00:00, 2024-01-17T19:00:00+00:00, 2024-01-18T19:00:00+00:00, 2024-01-25T16:00:00+00:00, 2024-01-25T18:00:00+00:00]","[2023-12-13T19:00:00+00:00, 2024-01-02T19:00:00+00:00, 2024-01-02T21:00:00+00:00, 2024-01-03T17:00:00+00:00, 2024-01-03T19:00:00+00:00, 2024-01-04T15:00:00+00:00, 2024-01-11T17:00:00+00:00, 2024-01-17T17:00:00+00:00, 2024-01-17T20:00:00+00:00, 2024-01-18T20:00:00+00:00, 2024-01-25T17:00:00+00:00, 2024-01-25T19:00:00+00:00]","[2.0, 3.0, 1.0, 1.0, 1.0, 1.0, 1.0, 1.0, 1.0, 1.0, 1.0, 1.0]","[0.20000000000000284, 0.009999999999990905, 0.7999999999999972, 0.10999999999999943, -0.28000000000000114, 0.44000000000001194, 0.38000000000000966, 0.2950000000000017, 0.3649999999999949, 1.2999999999999972, 0.5600000000000023, 0.12000000000000455]","[0.3025260928755148, 0.01368738023541049, 1.1020801763328243, 0.15497323189630802, -0.39408866995074054, 0.6234944027207199, 0.5294691375226552, 0.40513630433290077, 0.501614787329066, 1.8143754361479372, 0.7687028140013759, 0.1647898928865759]",2024-01-29 20:47:39
ITA,ALGO_EMA_RSI_ADX_BB_CGPT,7,7,0,1.158,0.6091,1.4286,0.4963,0.3941210279990063,1.0,2024-01-25 17:00:00+00:00,10,EMA_RSI_ADX_BB_P1_L.75_AV_1H_STOCK_RESULTS,"[2023-12-20T21:00:00+00:00, 2024-01-02T20:00:00+00:00, 2024-01-03T21:00:00+00:00, 2024-01-08T16:00:00+00:00, 2024-01-09T16:00:00+00:00, 2024-01-09T18:00:00+00:00, 2024-01-25T16:00:00+00:00]","[2023-12-21T15:00:00+00:00, 2024-01-03T15:00:00+00:00, 2024-01-04T16:00:00+00:00, 2024-01-08T18:00:00+00:00, 2024-01-09T17:00:00+00:00, 2024-01-09T19:00:00+00:00, 2024-01-25T17:00:00+00:00]","[1.0, 2.0, 2.0, 2.0, 1.0, 1.0, 1.0]","[1.3499999999999943, 0.028999999999996362, 1.1700000000000017, 0.47999999999998977, 0.10499999999998977, 0.12999999999999545, 1.0]","[1.0886218853318235, 0.02316460448434501, 0.9456073708882258, 0.3941210279990063, 0.0865586744157205, 0.10703993412926756, 0.829324929507381]",2024-01-29 20:55:36
WIRE,ALGO_EMA_RSI_ADX_BB_CGPT,7,6,1,1.0915,1.0007,1.1429,0.4869,0.40659004911984253,0.8571428571428571,2024-01-18 19:00:00+00:00,17,EMA_RSI_ADX_BB_P1_L.75_AV_1H_STOCK_RESULTS,"[2023-12-13T17:00:00+00:00, 2023-12-29T16:00:00+00:00, 2024-01-09T16:00:00+00:00, 2024-01-16T18:00:00+00:00, 2024-01-16T20:00:00+00:00, 2024-01-17T18:00:00+00:00, 2024-01-18T18:00:00+00:00]","[2023-12-13T18:00:00+00:00, 2023-12-29T18:00:00+00:00, 2024-01-09T17:00:00+00:00, 2024-01-16T19:00:00+00:00, 2024-01-16T21:00:00+00:00, 2024-01-17T19:00:00+00:00, 2024-01-18T19:00:00+00:00]","[1.0, 2.0, 1.0, 1.0, 1.0, 1.0, 1.0]","[1.579999999999984, 0.8650000000000091, 2.6599999999999966, 0.6299999999999955, 0.009999999999990905, -0.10000000000002274, 1.3599999999999852]","[0.8220175849331377, 0.40659004911984253, 1.2723011431577924, 0.29770343067762756, 0.004726121272267548, -0.047544335092484534, 0.6523094632836036]",2024-01-29 21:24:12
ATEN,ALGO_EMA_RSI_ADX_BB_CGPT,7,7,0,1.1445,0.0607,1.4286,0.4628,0.35060381768601423,1.0,2024-01-29 19:00:00+00:00,6,EMA_RSI_ADX_BB_P1_L.75_AV_1H_STOCK_RESULTS,"[2023-12-21T18:00:00+00:00, 2023-12-21T20:00:00+00:00, 2024-01-02T16:00:00+00:00, 2024-01-03T21:00:00+00:00, 2024-01-04T17:00:00+00:00, 2024-01-17T21:00:00+00:00, 2024-01-29T16:00:00+00:00, 2024-01-29T20:00:00+00:00]","[2023-12-21T19:00:00+00:00, 2023-12-21T21:00:00+00:00, 2024-01-02T18:00:00+00:00, 2024-01-04T15:00:00+00:00, 2024-01-04T18:00:00+00:00, 2024-01-18T15:00:00+00:00, 2024-01-29T19:00:00+00:00]","[1.0, 1.0, 2.0, 1.0, 1.0, 1.0, 3.0]","[0.005000000000000782, 0.1750000000000007, 0.04499999999999993, 0.04499999999999993, 0.019999999999999574, 0.06999999999999851, 0.06500000000000128]","[0.03840245775730247, 1.3430544896392995, 0.34816247582204973, 0.35060381768601423, 0.1556420233463002, 0.5231689088191218, 0.4804138950480509]",2024-01-29 20:31:11
ARES,ALGO_EMA_RSI_ADX_BB_CGPT,7,6,1,0.852,0.5214,1.5714,0.4553,0.3348902793689922,0.8571428571428571,2024-01-18 19:00:00+00:00,17,EMA_RSI_ADX_BB_P1_L.75_AV_1H_STOCK_RESULTS,"[2023-12-20T21:00:00+00:00, 2024-01-09T16:00:00+00:00, 2024-01-09T20:00:00+00:00, 2024-01-16T17:00:00+00:00, 2024-01-16T20:00:00+00:00, 2024-01-17T20:00:00+00:00, 2024-01-18T16:00:00+00:00]","[2023-12-21T16:00:00+00:00, 2024-01-09T17:00:00+00:00, 2024-01-09T21:00:00+00:00, 2024-01-16T19:00:00+00:00, 2024-01-16T21:00:00+00:00, 2024-01-17T21:00:00+00:00, 2024-01-18T19:00:00+00:00]","[2.0, 1.0, 1.0, 2.0, 1.0, 1.0, 3.0]","[1.3649999999999949, 0.21999999999999886, 0.9200000000000017, -0.5999999999999943, 1.0049999999999955, 0.35999999999999943, 0.37999999999999545]","[1.1961093585699218, 0.18980243292209376, 0.800975100121889, -0.5139186295503163, 0.8670146227839326, 0.3121477499349687, 0.3348902793689922]",2024-01-29 20:30:24
BLK,ALGO_EMA_RSI_ADX_BB_CGPT,9,9,0,1.4258,3.5024,1.2222,0.4438,0.4149588859754068,1.0,2024-01-29 19:00:00+00:00,6,EMA_RSI_ADX_BB_P1_L.75_AV_1H_STOCK_RESULTS,"[2023-12-20T21:00:00+00:00, 2024-01-02T16:00:00+00:00, 2024-01-02T20:00:00+00:00, 2024-01-03T16:00:00+00:00, 2024-01-03T19:00:00+00:00, 2024-01-03T21:00:00+00:00, 2024-01-23T16:00:00+00:00, 2024-01-24T21:00:00+00:00, 2024-01-29T18:00:00+00:00, 2024-01-29T20:00:00+00:00]","[2023-12-21T15:00:00+00:00, 2024-01-02T18:00:00+00:00, 2024-01-02T21:00:00+00:00, 2024-01-03T18:00:00+00:00, 2024-01-03T20:00:00+00:00, 2024-01-04T15:00:00+00:00, 2024-01-23T17:00:00+00:00, 2024-01-25T15:00:00+00:00, 2024-01-29T19:00:00+00:00]","[1.0, 2.0, 1.0, 2.0, 1.0, 1.0, 1.0, 1.0, 1.0]","[7.384999999999991, 3.7250000000000227, 3.105000000000018, 3.259999999999991, 0.12999999999999545, 4.141999999999939, 2.8350000000000364, 6.8799999999999955, 0.06000000000005912]","[0.9361847776481911, 0.46731610013737496, 0.38925627605227925, 0.4149588859754068, 0.016499346372046992, 0.5279055836657625, 0.35919949826102293, 0.8753737515109097, 0.007672438045070346]",2024-01-29 20:33:59
OMC,ALGO_EMA_RSI_ADX_BB_CGPT,7,6,1,1.0085,0.3700,1.1429,0.4383,0.31231925968767615,0.8571428571428571,2024-01-18 19:00:00+00:00,17,EMA_RSI_ADX_BB_P1_L.75_AV_1H_STOCK_RESULTS,"[2023-12-13T19:00:00+00:00, 2023-12-29T17:00:00+00:00, 2024-01-02T15:00:00+00:00, 2024-01-03T21:00:00+00:00, 2024-01-04T20:00:00+00:00, 2024-01-17T19:00:00+00:00, 2024-01-18T18:00:00+00:00]","[2023-12-13T20:00:00+00:00, 2023-12-29T18:00:00+00:00, 2024-01-02T16:00:00+00:00, 2024-01-04T16:00:00+00:00, 2024-01-04T21:00:00+00:00, 2024-01-17T20:00:00+00:00, 2024-01-18T19:00:00+00:00]","[1.0, 1.0, 1.0, 2.0, 1.0, 1.0, 1.0]","[1.105000000000004, 0.18500000000000227, 0.269999999999996, 0.5900000000000034, 0.3299999999999983, 0.1599999999999966, -0.05000000000001137]","[1.331325301204824, 0.21461716937355252, 0.31231925968767615, 0.6944444444444485, 0.3893345917885775, 0.18315018315017925, -0.057372346528986075]",2024-01-29 21:05:22
ZD,ALGO_EMA_RSI_ADX_BB_CGPT,7,7,0,1.5594,0.2829,1.4286,0.4290,0.32679738562093447,1.0,2024-01-09 21:00:00+00:00,26,EMA_RSI_ADX_BB_P1_L.75_AV_1H_STOCK_RESULTS,"[2023-12-12T18:00:00+00:00, 2023-12-29T16:00:00+00:00, 2024-01-02T16:00:00+00:00, 2024-01-03T16:00:00+00:00, 2024-01-04T16:00:00+00:00, 2024-01-04T18:00:00+00:00, 2024-01-09T20:00:00+00:00]","[2023-12-12T19:00:00+00:00, 2023-12-29T20:00:00+00:00, 2024-01-02T17:00:00+00:00, 2024-01-03T17:00:00+00:00, 2024-01-04T17:00:00+00:00, 2024-01-04T19:00:00+00:00, 2024-01-09T21:00:00+00:00]","[1.0, 4.0, 1.0, 1.0, 1.0, 1.0, 1.0]","[0.04999999999999716, 0.22000000000001307, 0.6499999999999915, 0.18999999999999773, 0.3100000000000023, 0.1799999999999926, 0.37999999999999545]","[0.08032128514055768, 0.32679738562093447, 0.9724715739078268, 0.28800970137941145, 0.475168608215822, 0.27569306172460195, 0.5842558425584186]",2024-01-29 21:26:10
KREF,ALGO_EMA_RSI_ADX_BB_CGPT,7,7,0,1.157,0.0550,1.0000,0.4208,0.3045298819946778,1.0,2024-01-12 19:00:00+00:00,23,EMA_RSI_ADX_BB_P1_L.75_AV_1H_STOCK_RESULTS,"[2023-12-27T20:00:00+00:00, 2023-12-29T16:00:00+00:00, 2023-12-29T18:00:00+00:00, 2024-01-02T16:00:00+00:00, 2024-01-03T16:00:00+00:00, 2024-01-03T21:00:00+00:00, 2024-01-12T18:00:00+00:00]","[2023-12-27T21:00:00+00:00, 2023-12-29T17:00:00+00:00, 2023-12-29T19:00:00+00:00, 2024-01-02T17:00:00+00:00, 2024-01-03T17:00:00+00:00, 2024-01-04T15:00:00+00:00, 2024-01-12T19:00:00+00:00]","[1.0, 1.0, 1.0, 1.0, 1.0, 1.0, 1.0]","[0.019999999999999574, 0.040000000000000924, 0.03500000000000014, 0.16000000000000014, 0.0600000000000005, 0.009999999999999787, 0.0600000000000005]","[0.14790711433219622, 0.3045298819946778, 0.26515151515151625, 1.2167300380228148, 0.46511627906977127, 0.0778210116731501, 0.46801872074883377]",2024-01-29 20:58:13
TKR,ALGO_EMA_RSI_ADX_BB_CGPT,7,6,1,1.0815,0.3193,1.4286,0.4088,0.3781671498802435,0.8571428571428571,2024-01-09 17:00:00+00:00,26,EMA_RSI_ADX_BB_P1_L.75_AV_1H_STOCK_RESULTS,"[2023-12-20T21:00:00+00:00, 2023-12-29T16:00:00+00:00, 2024-01-02T16:00:00+00:00, 2024-01-02T19:00:00+00:00, 2024-01-03T15:00:00+00:00, 2024-01-03T21:00:00+00:00, 2024-01-09T16:00:00+00:00]","[2023-12-21T15:00:00+00:00, 2023-12-29T17:00:00+00:00, 2024-01-02T17:00:00+00:00, 2024-01-02T21:00:00+00:00, 2024-01-03T18:00:00+00:00, 2024-01-04T15:00:00+00:00, 2024-01-09T17:00:00+00:00]","[1.0, 1.0, 1.0, 2.0, 3.0, 1.0, 1.0]","[0.7599999999999909, 0.21999999999999886, 0.29999999999999716, -0.20000000000000284, 0.5900000000000034, 0.17500000000001137, 0.39000000000000057]","[0.9663064208518637, 0.27606977036014413, 0.3781671498802435, -0.25290844714213817, 0.7645458079564641, 0.2270221184406971, 0.5025773195876296]",2024-01-29 21:18:38
SPTN,ALGO_EMA_RSI_ADX_BB_CGPT,9,8,1,1.0441,0.0922,1.1111,0.4045,0.30146425495262824,0.8888888888888888,2024-01-09 20:00:00+00:00,26,EMA_RSI_ADX_BB_P1_L.75_AV_1H_STOCK_RESULTS,"[2023-12-12T20:00:00+00:00, 2023-12-13T15:00:00+00:00, 2023-12-21T20:00:00+00:00, 2023-12-29T17:00:00+00:00, 2024-01-05T20:00:00+00:00, 2024-01-08T16:00:00+00:00, 2024-01-08T18:00:00+00:00, 2024-01-09T16:00:00+00:00, 2024-01-09T19:00:00+00:00]","[2023-12-12T21:00:00+00:00, 2023-12-13T16:00:00+00:00, 2023-12-21T21:00:00+00:00, 2023-12-29T18:00:00+00:00, 2024-01-05T21:00:00+00:00, 2024-01-08T17:00:00+00:00, 2024-01-08T19:00:00+00:00, 2024-01-09T18:00:00+00:00, 2024-01-09T20:00:00+00:00]","[1.0, 1.0, 1.0, 1.0, 1.0, 1.0, 1.0, 2.0, 1.0]","[0.0, 0.09499999999999886, 0.18999999999999773, 0.13000000000000256, 0.07000000000000028, 0.019999999999999574, 0.0259999999999998, 0.030000000000001137, 0.26899999999999835]","[0.0, 0.41822584195465057, 0.8300567933595357, 0.5681818181818293, 0.30146425495262824, 0.08648648648648465, 0.11277869350221133, 0.13186813186813687, 1.1917947809135543]",2024-01-29 21:15:45
BPOP,ALGO_EMA_RSI_ADX_BB_CGPT,7,6,1,0.6895,0.3197,1.4286,0.3961,0.25053238131028793,0.8571428571428571,2024-01-12 18:00:00+00:00,23,EMA_RSI_ADX_BB_P1_L.75_AV_1H_STOCK_RESULTS,"[2023-12-13T15:00:00+00:00, 2024-01-03T16:00:00+00:00, 2024-01-03T21:00:00+00:00, 2024-01-04T18:00:00+00:00, 2024-01-04T21:00:00+00:00, 2024-01-11T16:00:00+00:00, 2024-01-12T17:00:00+00:00]","[2023-12-13T16:00:00+00:00, 2024-01-03T19:00:00+00:00, 2024-01-04T15:00:00+00:00, 2024-01-04T19:00:00+00:00, 2024-01-05T15:00:00+00:00, 2024-01-11T18:00:00+00:00, 2024-01-12T18:00:00+00:00]","[1.0, 3.0, 1.0, 1.0, 1.0, 2.0, 1.0]","[-0.36700000000000443, 0.5099999999999909, 0.09000000000000341, 0.20000000000000284, 1.1850000000000023, 0.18999999999999773, 0.4300000000000068]","[-0.47923739879864774, 0.634328358208944, 0.11200995644057674, 0.25053238131028793, 1.4847763438165673, 0.23474178403755588, 0.5353918944157465]",2024-01-29 20:34:17
FID,ALGO_EMA_RSI_ADX_BB_CGPT,7,6,1,0.8942,0.0583,1.4286,0.3715,0.32782670180626183,0.8571428571428571,2024-01-29 17:00:00+00:00,6,EMA_RSI_ADX_BB_P1_L.75_AV_1H_STOCK_RESULTS,"[2023-12-20T21:00:00+00:00, 2024-01-11T18:00:00+00:00, 2024-01-16T17:00:00+00:00, 2024-01-16T20:00:00+00:00, 2024-01-17T16:00:00+00:00, 2024-01-17T21:00:00+00:00, 2024-01-29T16:00:00+00:00]","[2023-12-21T17:00:00+00:00, 2024-01-11T19:00:00+00:00, 2024-01-16T19:00:00+00:00, 2024-01-16T21:00:00+00:00, 2024-01-17T20:00:00+00:00, 2024-01-18T15:00:00+00:00, 2024-01-29T17:00:00+00:00]","[1.0, 1.0, 2.0, 1.0, 3.0, 1.0, 1.0]","[0.19299999999999962, 0.08999999999999808, -0.006000000000000227, 0.005000000000000782, 0.051000000000000156, 0.0519999999999996, 0.022999999999999687]","[1.2364661413287181, 0.5635566687539015, -0.03790271636134067, 0.0315656565656615, 0.32782670180626183, 0.33316248077908506, 0.14596687186647006]",2024-01-29 20:46:14
NVS,ALGO_EMA_RSI_ADX_BB_CGPT,7,6,1,0.7669,0.3600,1.1429,0.3645,0.1218597675290546,0.8571428571428571,2024-01-25 17:00:00+00:00,10,EMA_RSI_ADX_BB_P1_L.75_AV_1H_STOCK_RESULTS,"[2023-12-15T17:00:00+00:00, 2023-12-15T19:00:00+00:00, 2023-12-15T21:00:00+00:00, 2023-12-20T21:00:00+00:00, 2023-12-26T15:00:00+00:00, 2024-01-23T16:00:00+00:00, 2024-01-25T16:00:00+00:00]","[2023-12-15T18:00:00+00:00, 2023-12-15T20:00:00+00:00, 2023-12-18T15:00:00+00:00, 2023-12-21T16:00:00+00:00, 2023-12-26T16:00:00+00:00, 2024-01-23T17:00:00+00:00, 2024-01-25T17:00:00+00:00]","[1.0, 1.0, 1.0, 2.0, 1.0, 1.0, 1.0]","[0.09999999999999432, 0.030000000000001137, 0.9099999999999966, 1.1499999999999915, -0.10999999999999943, 0.3100000000000023, 0.12999999999999545]","[0.10256410256409673, 0.03081980686254483, 0.9342915811088259, 1.1837364899639644, -0.11162979500710313, 0.2898279730740485, 0.1218597675290546]",2024-01-29 21:04:32
EXLS,ALGO_EMA_RSI_ADX_BB_CGPT,9,8,1,0.7794,0.1087,1.1111,0.3555,0.19841269841270595,0.8888888888888888,2024-01-25 21:00:00+00:00,10,EMA_RSI_ADX_BB_P1_L.75_AV_1H_STOCK_RESULTS,"[2023-12-21T15:00:00+00:00, 2024-01-02T16:00:00+00:00, 2024-01-03T21:00:00+00:00, 2024-01-05T18:00:00+00:00, 2024-01-05T20:00:00+00:00, 2024-01-08T15:00:00+00:00, 2024-01-17T15:00:00+00:00, 2024-01-25T18:00:00+00:00, 2024-01-25T20:00:00+00:00]","[2023-12-21T16:00:00+00:00, 2024-01-02T18:00:00+00:00, 2024-01-04T15:00:00+00:00, 2024-01-05T19:00:00+00:00, 2024-01-05T21:00:00+00:00, 2024-01-08T16:00:00+00:00, 2024-01-17T16:00:00+00:00, 2024-01-25T19:00:00+00:00, 2024-01-25T21:00:00+00:00]","[1.0, 2.0, 1.0, 1.0, 1.0, 1.0, 1.0, 1.0, 1.0]","[0.060000000000002274, 0.25800000000000267, 0.08000000000000185, 0.0400000000000027, 0.00999999999999801, 0.054999999999999716, 0.41000000000000014, -0.07000000000000028, 0.134999999999998]","[0.19841269841270595, 0.8577127659574557, 0.2669336002669398, 0.13449899125757464, 0.03376097231599598, 0.18443997317236657, 1.322580645161291, -0.2171889543903205, 0.4185397612773151]",2024-01-29 20:45:18
POR,ALGO_EMA_RSI_ADX_BB_CGPT,6,6,0,0.9821,0.1385,1.3333,0.3267,0.1658207376622001,1.0,2024-01-12 15:00:00+00:00,23,EMA_RSI_ADX_BB_P1_L.75_AV_1H_STOCK_RESULTS,"[2023-12-20T21:00:00+00:00, 2024-01-09T16:00:00+00:00, 2024-01-10T17:00:00+00:00, 2024-01-11T16:00:00+00:00, 2024-01-11T19:00:00+00:00, 2024-01-11T21:00:00+00:00]","[2023-12-21T15:00:00+00:00, 2024-01-09T18:00:00+00:00, 2024-01-10T18:00:00+00:00, 2024-01-11T18:00:00+00:00, 2024-01-11T20:00:00+00:00, 2024-01-12T15:00:00+00:00]","[1.0, 2.0, 1.0, 2.0, 1.0, 1.0]","[0.3509999999999991, 0.01999999999999602, 0.020000000000003126, 0.29999999999999716, 0.05000000000000426, 0.09000000000000341]","[0.823885641856205, 0.04584001833599821, 0.045924225028709825, 0.7130972189208394, 0.1179662616491784, 0.2136752136752218]",2024-01-29 21:08:20
UNP,ALGO_EMA_RSI_ADX_BB_CGPT,8,7,1,0.9102,0.7512,1.3750,0.3123,0.23182375845156966,0.875,2024-01-25 18:00:00+00:00,10,EMA_RSI_ADX_BB_P1_L.75_AV_1H_STOCK_RESULTS,"[2024-01-02T16:00:00+00:00, 2024-01-02T20:00:00+00:00, 2024-01-03T15:00:00+00:00, 2024-01-03T21:00:00+00:00, 2024-01-05T17:00:00+00:00, 2024-01-05T20:00:00+00:00, 2024-01-08T16:00:00+00:00, 2024-01-25T16:00:00+00:00]","[2024-01-02T17:00:00+00:00, 2024-01-02T21:00:00+00:00, 2024-01-03T17:00:00+00:00, 2024-01-04T15:00:00+00:00, 2024-01-05T19:00:00+00:00, 2024-01-05T21:00:00+00:00, 2024-01-08T17:00:00+00:00, 2024-01-25T18:00:00+00:00]","[1.0, 1.0, 2.0, 1.0, 2.0, 1.0, 1.0, 2.0]","[0.5600000000000023, 0.2849999999999966, 0.9300000000000068, 1.2350000000000136, 0.19999999999998863, 0.5600000000000023, -0.2550000000000239, 2.494999999999976]","[0.22960229602296114, 0.11718990933201612, 0.3838533927687002, 0.5109005915691117, 0.0835666234905731, 0.23404522088017818, -0.10699450341963826, 1.0464506658278183]",2024-01-29 21:20:55
REYN,ALGO_EMA_RSI_ADX_BB_CGPT,7,6,1,0.8017,0.0819,1.0000,0.3090,0.22471910112360402,0.8571428571428571,2024-01-05 21:00:00+00:00,30,EMA_RSI_ADX_BB_P1_L.75_AV_1H_STOCK_RESULTS,"[2023-12-15T16:00:00+00:00, 2023-12-18T21:00:00+00:00, 2023-12-29T17:00:00+00:00, 2023-12-29T19:00:00+00:00, 2024-01-04T16:00:00+00:00, 2024-01-05T18:00:00+00:00, 2024-01-05T20:00:00+00:00]","[2023-12-15T17:00:00+00:00, 2023-12-19T15:00:00+00:00, 2023-12-29T18:00:00+00:00, 2023-12-29T20:00:00+00:00, 2024-01-04T17:00:00+00:00, 2024-01-05T19:00:00+00:00, 2024-01-05T21:00:00+00:00]","[1.0, 1.0, 1.0, 1.0, 1.0, 1.0, 1.0]","[-0.03999999999999915, 0.2829999999999977, 0.004999999999999005, 0.060000000000002274, 0.129999999999999, 0.03999999999999915, 0.09500000000000242]","[-0.15186028853454497, 1.0760456273764172, 0.018705574261126096, 0.22471910112360402, 0.4872563718140892, 0.15037593984962083, 0.3576807228915754]",2024-01-29 21:10:39
IAPR,ALGO_EMA_RSI_ADX_BB_CGPT,9,9,0,1.3399,0.0740,1.3333,0.2939,0.22130888397091739,1.0,2024-01-23 18:00:00+00:00,12,EMA_RSI_ADX_BB_P1_L.75_AV_1H_STOCK_RESULTS,"[2023-12-20T21:00:00+00:00, 2024-01-02T16:00:00+00:00, 2024-01-03T16:00:00+00:00, 2024-01-16T18:00:00+00:00, 2024-01-16T20:00:00+00:00, 2024-01-17T15:00:00+00:00, 2024-01-17T18:00:00+00:00, 2024-01-17T20:00:00+00:00, 2024-01-23T17:00:00+00:00]","[2023-12-21T15:00:00+00:00, 2024-01-02T18:00:00+00:00, 2024-01-03T18:00:00+00:00, 2024-01-16T19:00:00+00:00, 2024-01-16T21:00:00+00:00, 2024-01-17T17:00:00+00:00, 2024-01-17T19:00:00+00:00, 2024-01-17T21:00:00+00:00, 2024-01-23T18:00:00+00:00]","[1.0, 2.0, 2.0, 1.0, 1.0, 2.0, 1.0, 1.0, 1.0]","[0.1509999999999998, 0.0849999999999973, 0.05600000000000094, 0.00999999999999801, 0.04400000000000048, 0.1700000000000017, 0.029999999999997584, 0.09000000000000341, 0.030000000000001137]","[0.5970975522954636, 0.3327461342728412, 0.22130888397091739, 0.039525691699596875, 0.17380312845631413, 0.6827309236947859, 0.11985617259287888, 0.35885167464116197, 0.11881188118812332]",2024-01-29 20:52:50
CNI,ALGO_EMA_RSI_ADX_BB_CGPT,11,10,1,0.653,0.3441,1.3636,0.2815,0.34632731958763435,0.9090909090909091,2024-01-29 17:00:00+00:00,6,EMA_RSI_ADX_BB_P1_L.75_AV_1H_STOCK_RESULTS,"[2023-12-13T15:00:00+00:00, 2024-01-08T16:00:00+00:00, 2024-01-08T18:00:00+00:00, 2024-01-09T16:00:00+00:00, 2024-01-17T16:00:00+00:00, 2024-01-17T19:00:00+00:00, 2024-01-17T21:00:00+00:00, 2024-01-24T16:00:00+00:00, 2024-01-24T20:00:00+00:00, 2024-01-25T16:00:00+00:00, 2024-01-29T16:00:00+00:00]","[2023-12-13T16:00:00+00:00, 2024-01-08T17:00:00+00:00, 2024-01-08T20:00:00+00:00, 2024-01-09T17:00:00+00:00, 2024-01-17T18:00:00+00:00, 2024-01-17T20:00:00+00:00, 2024-01-18T15:00:00+00:00, 2024-01-24T18:00:00+00:00, 2024-01-25T15:00:00+00:00, 2024-01-25T17:00:00+00:00, 2024-01-29T17:00:00+00:00]","[1.0, 1.0, 2.0, 1.0, 2.0, 1.0, 1.0, 2.0, 2.0, 1.0, 1.0]","[0.5699999999999932, 0.26500000000000057, 0.14499999999999602, 0.5699999999999932, -0.9199999999999875, 0.14000000000000057, 1.1550000000000011, 0.4300000000000068, 0.480000000000004, 0.8599999999999994, 0.0899999999999892]","[0.4835836090608239, 0.21252706712647412, 0.11627440760193739, 0.46060606060605513, -0.7428340734759689, 0.11400651465798092, 0.9409368635437891, 0.34632731958763435, 0.3893575600259604, 0.7025569806388363, 0.07329587099925824]",2024-01-29 20:37:48
SDY,ALGO_EMA_RSI_ADX_BB_CGPT,7,7,0,0.6895,0.3443,1.2857,0.2801,0.14517299782241053,1.0,2024-01-25 15:00:00+00:00,10,EMA_RSI_ADX_BB_P1_L.75_AV_1H_STOCK_RESULTS,"[2023-12-20T20:00:00+00:00, 2023-12-26T15:00:00+00:00, 2024-01-03T16:00:00+00:00, 2024-01-04T21:00:00+00:00, 2024-01-11T16:00:00+00:00, 2024-01-16T20:00:00+00:00, 2024-01-24T21:00:00+00:00]","[2023-12-21T15:00:00+00:00, 2023-12-26T16:00:00+00:00, 2024-01-03T17:00:00+00:00, 2024-01-05T15:00:00+00:00, 2024-01-11T18:00:00+00:00, 2024-01-16T21:00:00+00:00, 2024-01-25T15:00:00+00:00]","[2.0, 1.0, 1.0, 1.0, 2.0, 1.0, 1.0]","[0.20999999999999375, 0.1799999999999926, 0.21999999999999886, 0.18000000000000682, 0.009999999999990905, 0.12000000000000455, 1.4899999999999949]","[0.17026106696934792, 0.1446596479948506, 0.17686309188841456, 0.14517299782241053, 0.008087343307716056, 0.09732360097323971, 1.218514883873074]",2024-01-29 21:13:33
SAM,ALGO_EMA_RSI_ADX_BB_CGPT,7,6,1,0.834,0.9114,1.2857,0.2663,0.22304617345460337,0.8571428571428571,2024-01-24 20:00:00+00:00,11,EMA_RSI_ADX_BB_P1_L.75_AV_1H_STOCK_RESULTS,"[2023-12-12T17:00:00+00:00, 2023-12-13T16:00:00+00:00, 2023-12-15T19:00:00+00:00, 2023-12-20T20:00:00+00:00, 2023-12-21T18:00:00+00:00, 2023-12-29T17:00:00+00:00, 2024-01-24T19:00:00+00:00]","[2023-12-12T18:00:00+00:00, 2023-12-13T18:00:00+00:00, 2023-12-15T20:00:00+00:00, 2023-12-21T15:00:00+00:00, 2023-12-21T19:00:00+00:00, 2023-12-29T18:00:00+00:00, 2024-01-24T20:00:00+00:00]","[1.0, 2.0, 1.0, 2.0, 1.0, 1.0, 1.0]","[0.7699999999999818, 2.069999999999993, 1.3799999999999955, 2.019999999999982, 0.6999999999999886, 0.7599999999999909, -1.3199999999999932]","[0.22304617345460337, 0.6022343768183385, 0.4013844856170546, 0.5836379133499897, 0.2033583173551765, 0.21986287499638119, -0.3691894613190113]",2024-01-29 21:12:37
AZPN,ALGO_EMA_RSI_ADX_BB_CGPT,7,6,1,0.6086,0.5476,1.2857,0.2599,0.1340482573726547,0.8571428571428571,2024-01-26 20:00:00+00:00,9,EMA_RSI_ADX_BB_P1_L.75_AV_1H_STOCK_RESULTS,"[2024-01-02T16:00:00+00:00, 2024-01-03T16:00:00+00:00, 2024-01-03T18:00:00+00:00, 2024-01-03T20:00:00+00:00, 2024-01-25T20:00:00+00:00, 2024-01-26T16:00:00+00:00, 2024-01-26T19:00:00+00:00]","[2024-01-02T17:00:00+00:00, 2024-01-03T17:00:00+00:00, 2024-01-03T19:00:00+00:00, 2024-01-04T15:00:00+00:00, 2024-01-26T15:00:00+00:00, 2024-01-26T17:00:00+00:00, 2024-01-26T20:00:00+00:00]","[1.0, 1.0, 1.0, 2.0, 2.0, 1.0, 1.0]","[2.420000000000016, -0.5960000000000036, 0.7189999999999941, 0.28000000000000114, 0.21999999999999886, 0.7300000000000182, 0.060000000000002274]","[1.1247443762781262, -0.2796546546546564, 0.33815402704291314, 0.1340482573726547, 0.10850801479654691, 0.3635096105965632, 0.029779630732580047]",2024-01-29 20:31:58
HESM,ALGO_EMA_RSI_ADX_BB_CGPT,6,6,0,1.3177,0.0758,1.3333,0.2430,0.1594666296653743,1.0,2024-01-09 17:00:00+00:00,26,EMA_RSI_ADX_BB_P1_L.75_AV_1H_STOCK_RESULTS,"[2023-12-21T15:00:00+00:00, 2023-12-28T21:00:00+00:00, 2023-12-29T16:00:00+00:00, 2024-01-05T19:00:00+00:00, 2024-01-08T16:00:00+00:00, 2024-01-09T16:00:00+00:00]","[2023-12-21T16:00:00+00:00, 2023-12-29T15:00:00+00:00, 2023-12-29T18:00:00+00:00, 2024-01-05T21:00:00+00:00, 2024-01-08T17:00:00+00:00, 2024-01-09T17:00:00+00:00]","[1.0, 1.0, 2.0, 2.0, 1.0, 1.0]","[0.13999999999999702, 0.030000000000001137, 0.03999999999999915, 0.02499999999999858, 0.05999999999999872, 0.16000000000000014]","[0.4465709728867528, 0.09475679090335166, 0.1265022137887386, 0.07932730445819, 0.19243104554201002, 0.5181347150259072]",2024-01-29 20:51:18
ALEX,ALGO_EMA_RSI_ADX_BB_CGPT,9,8,1,0.7193,0.0451,1.1111,0.2429,0.2196595277320107,0.8888888888888888,2024-01-09 20:00:00+00:00,26,EMA_RSI_ADX_BB_P1_L.75_AV_1H_STOCK_RESULTS,"[2024-01-03T16:00:00+00:00, 2024-01-03T21:00:00+00:00, 2024-01-04T18:00:00+00:00, 2024-01-04T21:00:00+00:00, 2024-01-05T18:00:00+00:00, 2024-01-05T20:00:00+00:00, 2024-01-08T15:00:00+00:00, 2024-01-09T16:00:00+00:00, 2024-01-09T19:00:00+00:00]","[2024-01-03T17:00:00+00:00, 2024-01-04T16:00:00+00:00, 2024-01-04T19:00:00+00:00, 2024-01-05T15:00:00+00:00, 2024-01-05T19:00:00+00:00, 2024-01-05T21:00:00+00:00, 2024-01-08T16:00:00+00:00, 2024-01-09T17:00:00+00:00, 2024-01-09T20:00:00+00:00]","[1.0, 2.0, 1.0, 1.0, 1.0, 1.0, 1.0, 1.0, 1.0]","[0.0400000000000027, 0.13100000000000023, 0.05000000000000071, 0.125, 0.029999999999997584, -0.0849999999999973, 0.05000000000000071, 0.03999999999999915, 0.02499999999999858]","[0.21186440677967533, 0.701284796573877, 0.26852846401718966, 0.6753106428957321, 0.1628664495113875, -0.46283691805062516, 0.27188689505166236, 0.2196595277320107, 0.1372495196266735]",2024-01-29 20:29:01
CMSC,ALGO_EMA_RSI_ADX_BB_CGPT,7,6,1,1.0713,0.0573,1.2857,0.2344,0.17615731257680975,0.8571428571428571,2024-01-17 19:00:00+00:00,18,EMA_RSI_ADX_BB_P1_L.75_AV_1H_STOCK_RESULTS,"[2023-12-18T19:00:00+00:00, 2023-12-18T21:00:00+00:00, 2023-12-26T21:00:00+00:00, 2024-01-03T16:00:00+00:00, 2024-01-10T21:00:00+00:00, 2024-01-16T19:00:00+00:00, 2024-01-17T18:00:00+00:00]","[2023-12-18T20:00:00+00:00, 2023-12-19T15:00:00+00:00, 2023-12-27T17:00:00+00:00, 2024-01-03T17:00:00+00:00, 2024-01-11T16:00:00+00:00, 2024-01-16T20:00:00+00:00, 2024-01-17T19:00:00+00:00]","[1.0, 1.0, 2.0, 1.0, 2.0, 1.0, 1.0]","[0.019999999999999574, 0.11999999999999744, 0.1280000000000001, 0.04299999999999926, 0.0799999999999983, -0.020000000000003126, 0.030000000000001137]","[0.08163265306122275, 0.49059689288633457, 0.5255810133858919, 0.17615731257680975, 0.32560032560031865, -0.08130081300814279, 0.12234910277325096]",2024-01-29 20:37:50
TTWO,ALGO_EMA_RSI_ADX_BB_CGPT,9,8,1,0.7287,0.3550,1.1111,0.2212,0.13899418751579407,0.8888888888888888,2024-01-29 20:00:00+00:00,6,EMA_RSI_ADX_BB_P1_L.75_AV_1H_STOCK_RESULTS,"[2023-12-11T20:00:00+00:00, 2023-12-18T16:00:00+00:00, 2023-12-18T18:00:00+00:00, 2023-12-18T20:00:00+00:00, 2024-01-02T16:00:00+00:00, 2024-01-02T19:00:00+00:00, 2024-01-17T16:00:00+00:00, 2024-01-18T15:00:00+00:00, 2024-01-29T19:00:00+00:00]","[2023-12-11T21:00:00+00:00, 2023-12-18T17:00:00+00:00, 2023-12-18T19:00:00+00:00, 2023-12-18T21:00:00+00:00, 2024-01-02T18:00:00+00:00, 2024-01-02T20:00:00+00:00, 2024-01-17T17:00:00+00:00, 2024-01-18T16:00:00+00:00, 2024-01-29T20:00:00+00:00]","[1.0, 1.0, 1.0, 1.0, 2.0, 1.0, 1.0, 1.0, 1.0]","[0.03999999999999204, 0.3849999999999909, 0.21999999999999886, 0.160000000000025, 0.7249999999999943, 0.21999999999999886, 1.0900000000000034, -0.5249999999999773, 0.8799999999999955]","[0.026226068712294805, 0.242718446601936, 0.13899418751579407, 0.1010164783130406, 0.4572545804295004, 0.13873123975280544, 0.6833855799373062, -0.32720473667807876, 0.5299927728258224]",2024-01-29 21:19:51
OEF,ALGO_EMA_RSI_ADX_BB_CGPT,7,7,0,1.5527,0.4776,1.5714,0.2157,0.1977350350530279,1.0,2024-01-17 20:00:00+00:00,18,EMA_RSI_ADX_BB_P1_L.75_AV_1H_STOCK_RESULTS,"[2023-12-20T20:00:00+00:00, 2023-12-29T17:00:00+00:00, 2024-01-02T16:00:00+00:00, 2024-01-02T20:00:00+00:00, 2024-01-04T21:00:00+00:00, 2024-01-17T16:00:00+00:00, 2024-01-17T19:00:00+00:00]","[2023-12-21T16:00:00+00:00, 2023-12-29T19:00:00+00:00, 2024-01-02T17:00:00+00:00, 2024-01-02T21:00:00+00:00, 2024-01-05T15:00:00+00:00, 2024-01-17T18:00:00+00:00, 2024-01-17T20:00:00+00:00]","[3.0, 2.0, 1.0, 1.0, 1.0, 2.0, 1.0]","[0.10000000000002274, 0.4399999999999977, 0.8329999999999984, 0.9000000000000057, 0.5099999999999909, 0.12000000000000455, 0.4399999999999977]","[0.04511820970944899, 0.19752199676782087, 0.376463144574501, 0.40738728951656966, 0.23201856148491468, 0.05382131324004509, 0.1977350350530279]",2024-01-29 21:05:04
TDVG,ALGO_EMA_RSI_ADX_BB_CGPT,8,7,1,1.2418,0.0705,1.1250,0.2019,0.21630697624963935,0.875,2024-01-17 16:00:00+00:00,18,EMA_RSI_ADX_BB_P1_L.75_AV_1H_STOCK_RESULTS,"[2024-01-02T20:00:00+00:00, 2024-01-03T16:00:00+00:00, 2024-01-03T21:00:00+00:00, 2024-01-04T21:00:00+00:00, 2024-01-11T17:00:00+00:00, 2024-01-16T18:00:00+00:00, 2024-01-16T20:00:00+00:00, 2024-01-17T15:00:00+00:00]","[2024-01-02T21:00:00+00:00, 2024-01-03T18:00:00+00:00, 2024-01-04T15:00:00+00:00, 2024-01-05T15:00:00+00:00, 2024-01-11T18:00:00+00:00, 2024-01-16T19:00:00+00:00, 2024-01-16T21:00:00+00:00, 2024-01-17T16:00:00+00:00]","[1.0, 2.0, 1.0, 1.0, 1.0, 1.0, 1.0, 1.0]","[0.0899999999999963, 0.06500000000000483, 0.14399999999999835, 0.13000000000000256, 0.08099999999999596, -0.026000000000003354, 0.07000000000000028, 0.00999999999999801]","[0.25670279520820394, 0.18595336861680686, 0.41284403669724296, 0.37292025243833204, 0.23209834092666254, -0.07442179986261552, 0.20051561157261613, 0.02866150759529381]",2024-01-29 21:17:49
IYG,ALGO_EMA_RSI_ADX_BB_CGPT,9,8,1,0.8615,0.3530,1.2222,0.2008,0.16363379884327384,0.8888888888888888,2024-01-18 19:00:00+00:00,17,EMA_RSI_ADX_BB_P1_L.75_AV_1H_STOCK_RESULTS,"[2024-01-02T16:00:00+00:00, 2024-01-03T16:00:00+00:00, 2024-01-11T16:00:00+00:00, 2024-01-16T16:00:00+00:00, 2024-01-16T19:00:00+00:00, 2024-01-17T18:00:00+00:00, 2024-01-17T20:00:00+00:00, 2024-01-18T16:00:00+00:00, 2024-01-18T18:00:00+00:00]","[2024-01-02T17:00:00+00:00, 2024-01-03T17:00:00+00:00, 2024-01-11T18:00:00+00:00, 2024-01-16T18:00:00+00:00, 2024-01-16T20:00:00+00:00, 2024-01-17T19:00:00+00:00, 2024-01-17T21:00:00+00:00, 2024-01-18T17:00:00+00:00, 2024-01-18T19:00:00+00:00]","[1.0, 1.0, 2.0, 2.0, 1.0, 1.0, 1.0, 1.0, 1.0]","[0.6899999999999977, 0.28999999999999204, 0.5, 0.1599999999999966, 0.01999999999998181, 0.23099999999999454, 0.6659999999999968, -0.3599999999999852, 0.9800000000000182]","[0.386966518983791, 0.16363379884327384, 0.2830615942028986, 0.09120446901897998, 0.011402508551871044, 0.1323941563168029, 0.38169688911304006, -0.20673021706671943, 0.5633802816901514]",2024-01-29 20:56:09
IXUS,ALGO_EMA_RSI_ADX_BB_CGPT,7,6,1,0.6116,0.1167,2.0000,0.1841,0.15222849968612887,0.8571428571428571,2024-01-11 18:00:00+00:00,24,EMA_RSI_ADX_BB_P1_L.75_AV_1H_STOCK_RESULTS,"[2023-12-20T20:00:00+00:00, 2023-12-26T15:00:00+00:00, 2024-01-02T16:00:00+00:00, 2024-01-03T15:00:00+00:00, 2024-01-03T19:00:00+00:00, 2024-01-04T15:00:00+00:00, 2024-01-11T17:00:00+00:00]","[2023-12-21T15:00:00+00:00, 2023-12-26T16:00:00+00:00, 2024-01-02T21:00:00+00:00, 2024-01-03T18:00:00+00:00, 2024-01-03T20:00:00+00:00, 2024-01-04T16:00:00+00:00, 2024-01-11T18:00:00+00:00]","[2.0, 1.0, 5.0, 3.0, 1.0, 1.0, 1.0]","[0.490000000000002, 0.009999999999990905, -0.12000000000000455, 0.030000000000001137, 0.09700000000000131, 0.18500000000000227, 0.125]","[0.774091627172199, 0.015535187198991617, -0.1867413632119585, 0.0470883691728161, 0.15222849968612887, 0.2899686520376211, 0.19664909934712502]",2024-01-29 20:56:03
XYL,ALGO_EMA_RSI_ADX_BB_CGPT,9,8,1,1.0186,0.2013,1.3333,0.1802,0.16228555123586882,0.8888888888888888,2024-01-25 17:00:00+00:00,10,EMA_RSI_ADX_BB_P1_L.75_AV_1H_STOCK_RESULTS,"[2024-01-02T20:00:00+00:00, 2024-01-03T16:00:00+00:00, 2024-01-05T18:00:00+00:00, 2024-01-11T17:00:00+00:00, 2024-01-12T16:00:00+00:00, 2024-01-12T18:00:00+00:00, 2024-01-17T19:00:00+00:00, 2024-01-24T20:00:00+00:00, 2024-01-25T16:00:00+00:00]","[2024-01-02T21:00:00+00:00, 2024-01-03T19:00:00+00:00, 2024-01-05T19:00:00+00:00, 2024-01-11T18:00:00+00:00, 2024-01-12T17:00:00+00:00, 2024-01-12T19:00:00+00:00, 2024-01-17T20:00:00+00:00, 2024-01-25T15:00:00+00:00, 2024-01-25T17:00:00+00:00]","[1.0, 3.0, 1.0, 1.0, 1.0, 1.0, 1.0, 2.0, 1.0]","[0.3500000000000085, 0.1700000000000017, -0.21999999999999886, 0.269999999999996, 0.14000000000000057, 0.37999999999999545, 0.10999999999999943, 0.18200000000000216, 0.4299999999999926]","[0.30883261272391116, 0.1515691868758931, -0.19697376667561903, 0.24274026791332917, 0.12618296529968506, 0.34234234234233824, 0.10027347310847715, 0.16228555123586882, 0.3846842011093152]",2024-01-29 21:25:53
DHR,ALGO_EMA_RSI_ADX_BB_CGPT,8,7,1,1.0249,0.3928,1.2500,0.1722,0.2120744024162592,0.875,2024-01-25 21:00:00+00:00,10,EMA_RSI_ADX_BB_P1_L.75_AV_1H_STOCK_RESULTS,"[2024-01-05T18:00:00+00:00, 2024-01-05T20:00:00+00:00, 2024-01-10T16:00:00+00:00, 2024-01-12T16:00:00+00:00, 2024-01-12T20:00:00+00:00, 2024-01-17T20:00:00+00:00, 2024-01-24T20:00:00+00:00, 2024-01-25T19:00:00+00:00]","[2024-01-05T19:00:00+00:00, 2024-01-05T21:00:00+00:00, 2024-01-10T17:00:00+00:00, 2024-01-12T17:00:00+00:00, 2024-01-12T21:00:00+00:00, 2024-01-17T21:00:00+00:00, 2024-01-25T15:00:00+00:00, 2024-01-25T21:00:00+00:00]","[1.0, 1.0, 1.0, 1.0, 1.0, 1.0, 2.0, 2.0]","[0.8600000000000136, 0.7220000000000084, 0.4099999999999966, 0.16500000000002046, 0.1599999999999966, 0.5449999999999875, 0.5999999999999943, -0.3199999999999932]","[0.37440139312146875, 0.3146545337273089, 0.18083980239943392, 0.07314802500333398, 0.07107636266713899, 0.24330900243308443, 0.2611534276387353, -0.14058518583603952]",2024-01-29 20:41:03
FJUN,ALGO_EMA_RSI_ADX_BB_CGPT,8,7,1,1.0098,0.0735,1.1250,0.1682,0.1703079273616333,0.875,2024-01-17 20:00:00+00:00,18,EMA_RSI_ADX_BB_P1_L.75_AV_1H_STOCK_RESULTS,"[2023-12-29T18:00:00+00:00, 2024-01-02T16:00:00+00:00, 2024-01-02T20:00:00+00:00, 2024-01-03T17:00:00+00:00, 2024-01-03T21:00:00+00:00, 2024-01-04T21:00:00+00:00, 2024-01-16T19:00:00+00:00, 2024-01-17T19:00:00+00:00]","[2023-12-29T19:00:00+00:00, 2024-01-02T18:00:00+00:00, 2024-01-02T21:00:00+00:00, 2024-01-03T18:00:00+00:00, 2024-01-04T16:00:00+00:00, 2024-01-05T15:00:00+00:00, 2024-01-16T20:00:00+00:00, 2024-01-17T20:00:00+00:00]","[1.0, 2.0, 1.0, 1.0, 1.0, 1.0, 1.0, 1.0]","[0.030999999999998806, 0.028000000000005798, 0.09199999999999875, 0.05700000000000216, 0.12000000000000455, 0.20000000000000284, 0.09799999999999898, -0.03800000000000381]","[0.07034423290748328, 0.06382493731480693, 0.21015121750650725, 0.13046463721675935, 0.27510316368639287, 0.45966444495518927, 0.22292993630573013, -0.08662943120940113]",2024-01-29 20:46:52
NXP,ALGO_EMA_RSI_ADX_BB_CGPT,9,8,1,1.058,0.0232,1.1111,0.1586,0.10319917440660867,0.8888888888888888,2024-01-22 21:00:00+00:00,13,EMA_RSI_ADX_BB_P1_L.75_AV_1H_STOCK_RESULTS,"[2023-12-20T21:00:00+00:00, 2024-01-05T16:00:00+00:00, 2024-01-09T21:00:00+00:00, 2024-01-10T21:00:00+00:00, 2024-01-11T18:00:00+00:00, 2024-01-16T19:00:00+00:00, 2024-01-17T18:00:00+00:00, 2024-01-17T20:00:00+00:00, 2024-01-22T20:00:00+00:00]","[2023-12-21T15:00:00+00:00, 2024-01-05T17:00:00+00:00, 2024-01-10T15:00:00+00:00, 2024-01-11T15:00:00+00:00, 2024-01-11T20:00:00+00:00, 2024-01-16T20:00:00+00:00, 2024-01-17T19:00:00+00:00, 2024-01-17T21:00:00+00:00, 2024-01-22T21:00:00+00:00]","[1.0, 1.0, 1.0, 1.0, 2.0, 1.0, 1.0, 1.0, 1.0]","[0.0, 0.015000000000000568, 0.019999999999999574, 0.06799999999999962, 0.040000000000000924, 0.009000000000000341, 0.006000000000000227, 0.03599999999999959, 0.015000000000000568]","[0.0, 0.10107816711590678, 0.1353912808015135, 0.4634678298800409, 0.2741603838245437, 0.0616438356164407, 0.04116920543433668, 0.2471848393298516, 0.10319917440660867]",2024-01-29 21:04:39
VIG,ALGO_EMA_RSI_ADX_BB_CGPT,8,8,0,1.4999,0.2551,1.2500,0.1510,0.1257905249797942,1.0,2024-01-17 20:00:00+00:00,18,EMA_RSI_ADX_BB_P1_L.75_AV_1H_STOCK_RESULTS,"[2023-12-20T20:00:00+00:00, 2023-12-29T17:00:00+00:00, 2024-01-02T20:00:00+00:00, 2024-01-03T16:00:00+00:00, 2024-01-03T21:00:00+00:00, 2024-01-04T21:00:00+00:00, 2024-01-05T18:00:00+00:00, 2024-01-17T19:00:00+00:00]","[2023-12-21T15:00:00+00:00, 2023-12-29T18:00:00+00:00, 2024-01-02T21:00:00+00:00, 2024-01-03T18:00:00+00:00, 2024-01-04T15:00:00+00:00, 2024-01-05T15:00:00+00:00, 2024-01-05T19:00:00+00:00, 2024-01-17T20:00:00+00:00]","[2.0, 1.0, 1.0, 2.0, 1.0, 1.0, 1.0, 1.0]","[0.10599999999999454, 0.12000000000000455, 0.5300000000000011, 0.2950000000000159, 0.42500000000001137, 0.09999999999999432, 0.33499999999997954, 0.13000000000002387]","[0.06283939199923795, 0.0706006942401627, 0.3126105933702968, 0.17460787215153356, 0.25198624451560026, 0.0593471810088987, 0.1993098524512015, 0.07697317780805488]",2024-01-29 21:22:09
ONOF,ALGO_EMA_XOVER_CGPT,7,6,1,0.7782,0.1634,6.0000,0.5492,0.6914718472176401,0.8571428571428571,2024-01-29 20:00:00+00:00,6,EMA_XOVER_P.5_L.5_AVR_1H_STOCK_RESULTS,"[2024-01-08T17:00:00+00:00, 2024-01-09T17:00:00+00:00, 2024-01-10T21:00:00+00:00, 2024-01-17T19:00:00+00:00, 2024-01-19T18:00:00+00:00, 2024-01-23T16:00:00+00:00, 2024-01-24T19:00:00+00:00, 2024-01-29T21:00:00+00:00]","[2024-01-08T21:00:00+00:00, 2024-01-10T20:00:00+00:00, 2024-01-17T18:00:00+00:00, 2024-01-18T21:00:00+00:00, 2024-01-22T21:00:00+00:00, 2024-01-24T18:00:00+00:00, 2024-01-29T20:00:00+00:00]","[2.0, 5.0, 12.0, 4.0, 4.0, 5.0, 10.0]","[0.3099999999999987, 0.19099999999999895, -0.3200000000000003, 0.3290000000000006, 0.18999999999999773, 0.2339999999999982, 0.2099999999999973]","[1.0572987721691633, 0.6463620981387443, -1.0778039744021564, 1.1194283769989815, 0.633122292569136, 0.7745779543197557, 0.6914718472176401]",2024-01-30 23:39:25
PREF,ALGO_EMA_XOVER_CGPT,7,7,0,1.9365,0.0814,27.4286,0.4671,0.425773488504132,1.0,2024-01-24 21:00:00+00:00,11,EMA_XOVER_P.5_L.5_AVR_1H_STOCK_RESULTS,"[2023-12-12T19:00:00+00:00, 2023-12-14T17:00:00+00:00, 2023-12-15T17:00:00+00:00, 2023-12-20T20:00:00+00:00, 2024-01-09T21:00:00+00:00, 2024-01-11T18:00:00+00:00, 2024-01-22T17:00:00+00:00, 2024-01-25T15:00:00+00:00]","[2023-12-14T16:00:00+00:00, 2023-12-15T16:00:00+00:00, 2023-12-20T19:00:00+00:00, 2024-01-09T20:00:00+00:00, 2024-01-11T17:00:00+00:00, 2024-01-22T16:00:00+00:00, 2024-01-24T21:00:00+00:00]","[11.0, 6.0, 23.0, 84.0, 10.0, 40.0, 18.0]","[0.16499999999999915, 0.06500000000000128, 0.07000000000000028, 0.020000000000003126, 0.08999999999999986, 0.07500000000000284, 0.08500000000000085]","[0.9598603839441486, 0.37453183520599986, 0.40149125322627066, 0.11435105774730205, 0.5134055904164281, 0.425773488504132, 0.48009036995199583]",2024-01-30 23:44:37
VSMV,ALGO_EMA_XOVER_CGPT,8,7,1,1.0095,0.1850,7.2500,0.4374,0.5859703099949838,0.875,2024-01-29 21:00:00+00:00,6,EMA_XOVER_P.5_L.5_AVR_1H_STOCK_RESULTS,"[2024-01-05T19:00:00+00:00, 2024-01-09T15:00:00+00:00, 2024-01-11T16:00:00+00:00, 2024-01-12T21:00:00+00:00, 2024-01-16T21:00:00+00:00, 2024-01-19T16:00:00+00:00, 2024-01-22T21:00:00+00:00, 2024-01-24T18:00:00+00:00, 2024-01-30T16:00:00+00:00]","[2024-01-08T21:00:00+00:00, 2024-01-10T21:00:00+00:00, 2024-01-12T17:00:00+00:00, 2024-01-16T20:00:00+00:00, 2024-01-18T21:00:00+00:00, 2024-01-22T17:00:00+00:00, 2024-01-24T17:00:00+00:00, 2024-01-29T21:00:00+00:00]","[5.0, 7.0, 5.0, 3.0, 10.0, 7.0, 7.0, 14.0]","[0.3340000000000032, 0.16199999999999903, 0.24600000000000222, -0.2700000000000031, 0.25, 0.277000000000001, 0.2510000000000048, 0.23000000000000398]","[0.7968317587556142, 0.38507249821725464, 0.584531305690869, -0.6370929683813192, 0.5934013766911939, 0.6529938708156554, 0.5874093142990985, 0.5361305361305455]",2024-01-31 00:06:48
PJUN,ALGO_EMA_XOVER_CGPT,7,6,1,1.258,0.1293,24.7143,0.3878,0.4837490551776163,0.8571428571428571,2024-01-24 17:00:00+00:00,11,EMA_XOVER_P.5_L.5_AVR_1H_STOCK_RESULTS,"[2023-12-13T19:00:00+00:00, 2023-12-18T17:00:00+00:00, 2023-12-28T15:00:00+00:00, 2024-01-03T15:00:00+00:00, 2024-01-09T15:00:00+00:00, 2024-01-11T15:00:00+00:00, 2024-01-19T19:00:00+00:00, 2024-01-24T19:00:00+00:00]","[2023-12-18T16:00:00+00:00, 2023-12-27T21:00:00+00:00, 2024-01-02T21:00:00+00:00, 2024-01-08T21:00:00+00:00, 2024-01-10T21:00:00+00:00, 2024-01-19T18:00:00+00:00, 2024-01-24T17:00:00+00:00]","[18.0, 42.0, 19.0, 27.0, 13.0, 36.0, 18.0]","[0.1599999999999966, 0.15000000000000568, -0.10999999999999943, 0.17999999999999972, 0.1490000000000009, 0.16900000000000404, 0.20700000000000074]","[0.4837490551776163, 0.45139933794765486, -0.3291442250149594, 0.5415162454873638, 0.44676321549579, 0.5050655987567737, 0.6152657234573795]",2024-01-30 23:43:16
BJUN,ALGO_EMA_XOVER_CGPT,7,6,1,0.744,0.1363,7.0000,0.3818,0.5187885586090922,0.8571428571428571,2024-01-24 16:00:00+00:00,11,EMA_XOVER_P.5_L.5_AVR_1H_STOCK_RESULTS,"[2024-01-08T15:00:00+00:00, 2024-01-09T17:00:00+00:00, 2024-01-12T21:00:00+00:00, 2024-01-17T19:00:00+00:00, 2024-01-18T17:00:00+00:00, 2024-01-18T21:00:00+00:00, 2024-01-19T20:00:00+00:00, 2024-01-24T18:00:00+00:00]","[2024-01-08T21:00:00+00:00, 2024-01-12T20:00:00+00:00, 2024-01-17T17:00:00+00:00, 2024-01-18T16:00:00+00:00, 2024-01-18T20:00:00+00:00, 2024-01-19T19:00:00+00:00, 2024-01-24T16:00:00+00:00]","[4.0, 14.0, 6.0, 4.0, 3.0, 5.0, 13.0]","[0.23100000000000165, 0.18500000000000227, -0.2890000000000015, 0.1670000000000016, 0.1600000000000037, 0.23000000000000398, 0.2700000000000031]","[0.6510710259301061, 0.5187885586090922, -0.8060017849174517, 0.4700253307064497, 0.4488078541374578, 0.6419201786212783, 0.7483370288248424]",2024-01-30 22:49:18
GSPY,ALGO_EMA_XOVER_CGPT,8,7,1,0.7073,0.0920,3.1250,0.3476,0.5907843993020414,0.875,2024-01-29 21:00:00+00:00,6,EMA_XOVER_P.5_L.5_AVR_1H_STOCK_RESULTS,"[2024-01-16T16:00:00+00:00, 2024-01-17T21:00:00+00:00, 2024-01-18T18:00:00+00:00, 2024-01-19T19:00:00+00:00, 2024-01-22T16:00:00+00:00, 2024-01-24T19:00:00+00:00, 2024-01-25T21:00:00+00:00, 2024-01-29T16:00:00+00:00, 2024-01-30T17:00:00+00:00]","[2024-01-17T18:00:00+00:00, 2024-01-18T17:00:00+00:00, 2024-01-18T21:00:00+00:00, 2024-01-22T15:00:00+00:00, 2024-01-24T18:00:00+00:00, 2024-01-25T20:00:00+00:00, 2024-01-29T15:00:00+00:00, 2024-01-29T21:00:00+00:00]","[6.0, 2.0, 3.0, 2.0, 3.0, 2.0, 3.0, 4.0]","[-0.19000000000000128, 0.16000000000000014, 0.16000000000000014, 0.14999999999999858, 0.21699999999999875, 0.030000000000001137, 0.030000000000001137, 0.1789999999999985]","[-0.7288070579209869, 0.6182380216383313, 0.614675374567807, 0.5668934240362757, 0.8176029539203449, 0.11227544910180068, 0.11206574523721007, 0.6679104477611884]",2024-01-30 23:16:15
POCT,ALGO_EMA_XOVER_CGPT,8,7,1,0.8665,0.1136,22.5000,0.3148,0.4755339485863457,0.875,2024-01-24 16:00:00+00:00,11,EMA_XOVER_P.5_L.5_AVR_1H_STOCK_RESULTS,"[2023-12-13T15:00:00+00:00, 2023-12-13T21:00:00+00:00, 2023-12-14T16:00:00+00:00, 2023-12-27T20:00:00+00:00, 2024-01-03T17:00:00+00:00, 2024-01-09T15:00:00+00:00, 2024-01-10T21:00:00+00:00, 2024-01-19T20:00:00+00:00, 2024-01-24T17:00:00+00:00]","[2023-12-13T20:00:00+00:00, 2023-12-14T15:00:00+00:00, 2023-12-27T19:00:00+00:00, 2024-01-03T16:00:00+00:00, 2024-01-08T21:00:00+00:00, 2024-01-10T20:00:00+00:00, 2024-01-19T19:00:00+00:00, 2024-01-24T16:00:00+00:00]","[5.0, 1.0, 58.0, 24.0, 25.0, 12.0, 38.0, 17.0]","[0.1700000000000017, 0.00999999999999801, 0.11599999999999966, -0.17500000000000426, 0.17099999999999937, 0.1869999999999976, 0.21000000000000085, 0.21999999999999886]","[0.4757906521130751, 0.027816411682887367, 0.32232966544403596, -0.484362026017172, 0.4752772450596163, 0.5182352289103137, 0.5794701986754991, 0.6037321624588333]",2024-01-30 23:44:15
QPFF,ALGO_EMA_XOVER_CGPT,9,8,1,0.7246,0.1006,9.2222,0.2777,0.39736571539722865,0.8888888888888888,2024-01-30 21:00:00+00:00,5,EMA_XOVER_P.5_L.5_AVR_1H_STOCK_RESULTS,"[2024-01-04T18:00:00+00:00, 2024-01-09T15:00:00+00:00, 2024-01-10T19:00:00+00:00, 2024-01-12T21:00:00+00:00, 2024-01-18T21:00:00+00:00, 2024-01-19T20:00:00+00:00, 2024-01-23T15:00:00+00:00, 2024-01-25T20:00:00+00:00, 2024-01-26T16:00:00+00:00]","[2024-01-08T21:00:00+00:00, 2024-01-10T18:00:00+00:00, 2024-01-12T20:00:00+00:00, 2024-01-18T20:00:00+00:00, 2024-01-19T19:00:00+00:00, 2024-01-22T21:00:00+00:00, 2024-01-25T19:00:00+00:00, 2024-01-25T21:00:00+00:00, 2024-01-30T21:00:00+00:00]","[13.0, 5.0, 11.0, 12.0, 4.0, 6.0, 14.0, 1.0, 17.0]","[0.18500000000000227, 0.14300000000000068, 0.10000000000000142, -0.22999999999999687, 0.09599999999999653, 0.23000000000000398, 0.19000000000000483, 0.01099999999999568, 0.17999999999999972]","[0.5165433477593251, 0.39736571539722865, 0.27700831024931144, -0.634482758620681, 0.2665630032764939, 0.6355346780878807, 0.5214050493962811, 0.029965403579491894, 0.4896626768226326]",2024-01-30 23:46:55
PDEC,ALGO_EMA_XOVER_CGPT,7,6,1,0.6579,0.0967,24.7143,0.2755,0.45351473922901525,0.8571428571428571,2024-01-24 16:00:00+00:00,11,EMA_XOVER_P.5_L.5_AVR_1H_STOCK_RESULTS,"[2023-12-14T15:00:00+00:00, 2023-12-27T15:00:00+00:00, 2024-01-03T17:00:00+00:00, 2024-01-05T16:00:00+00:00, 2024-01-08T21:00:00+00:00, 2024-01-19T17:00:00+00:00, 2024-01-22T18:00:00+00:00, 2024-01-24T17:00:00+00:00]","[2023-12-26T21:00:00+00:00, 2024-01-03T16:00:00+00:00, 2024-01-05T15:00:00+00:00, 2024-01-08T20:00:00+00:00, 2024-01-19T16:00:00+00:00, 2024-01-22T16:00:00+00:00, 2024-01-24T16:00:00+00:00]","[55.0, 29.0, 12.0, 11.0, 48.0, 6.0, 12.0]","[0.13000000000000256, -0.22400000000000375, 0.05000000000000426, 0.1699999999999946, 0.22500000000000142, 0.1599999999999966, 0.16600000000000392]","[0.37238613577772145, -0.6386315039201818, 0.14355440712031084, 0.48738532110090194, 0.6415739948674121, 0.45351473922901525, 0.4683972911963994]",2024-01-30 23:41:39
PNOV,ALGO_EMA_XOVER_CGPT,7,6,1,0.7504,0.0923,23.4286,0.2687,0.34822983168890725,0.8571428571428571,2024-01-23 19:00:00+00:00,12,EMA_XOVER_P.5_L.5_AVR_1H_STOCK_RESULTS,"[2023-12-13T15:00:00+00:00, 2023-12-14T15:00:00+00:00, 2023-12-26T16:00:00+00:00, 2024-01-05T15:00:00+00:00, 2024-01-09T20:00:00+00:00, 2024-01-12T21:00:00+00:00, 2024-01-19T16:00:00+00:00, 2024-01-23T20:00:00+00:00]","[2023-12-13T21:00:00+00:00, 2023-12-26T15:00:00+00:00, 2024-01-04T21:00:00+00:00, 2024-01-09T19:00:00+00:00, 2024-01-12T20:00:00+00:00, 2024-01-19T15:00:00+00:00, 2024-01-23T19:00:00+00:00]","[4.0, 44.0, 45.0, 17.0, 20.0, 18.0, 16.0]","[0.20000000000000284, 0.08500000000000085, -0.17500000000000426, 0.1699999999999946, 0.11999999999999744, 0.0799999999999983, 0.16600000000000392]","[0.587371512481653, 0.2477411833284781, -0.5087948829771893, 0.49548236665693557, 0.34822983168890725, 0.2313475997686475, 0.47963016469229675]",2024-01-30 23:43:59
XJUN,ALGO_EMA_XOVER_CGPT,7,6,1,0.6512,0.0794,21.5714,0.2266,0.3716409376786809,0.8571428571428571,2024-01-22 16:00:00+00:00,13,EMA_XOVER_P.5_L.5_AVR_1H_STOCK_RESULTS,"[2023-12-14T19:00:00+00:00, 2023-12-20T19:00:00+00:00, 2023-12-21T15:00:00+00:00, 2023-12-26T21:00:00+00:00, 2024-01-02T16:00:00+00:00, 2024-01-08T21:00:00+00:00, 2024-01-16T16:00:00+00:00, 2024-01-22T17:00:00+00:00]","[2023-12-20T18:00:00+00:00, 2023-12-20T21:00:00+00:00, 2023-12-26T20:00:00+00:00, 2024-01-02T15:00:00+00:00, 2024-01-08T20:00:00+00:00, 2024-01-16T15:00:00+00:00, 2024-01-22T16:00:00+00:00]","[26.0, 2.0, 16.0, 22.0, 31.0, 29.0, 25.0]","[0.12300000000000466, -0.17200000000000415, 0.1599999999999966, 0.005000000000002558, 0.13000000000000256, 0.1319999999999979, 0.17800000000000438]","[0.35233457462046597, -0.4908815890864584, 0.4581901489117886, 0.014269406392701365, 0.3716409376786809, 0.3758435124284556, 0.5048213272830527]",2024-01-31 00:09:44
MRK,ALGO_EMA_XOVER_CGPT,9,8,1,1.3242,1.9129,22.7778,1.7236,1.7003894746841515,0.8888888888888888,2024-01-26 16:00:00+00:00,9,EMA_XOVER_P1.5_L1.5_AVR_1H_STOCK_RESULTS,"[2023-12-11T20:00:00+00:00, 2023-12-13T21:00:00+00:00, 2023-12-15T17:00:00+00:00, 2023-12-18T18:00:00+00:00, 2023-12-22T17:00:00+00:00, 2024-01-02T17:00:00+00:00, 2024-01-03T17:00:00+00:00, 2024-01-04T17:00:00+00:00, 2024-01-09T17:00:00+00:00, 2024-01-26T17:00:00+00:00]","[2023-12-13T20:00:00+00:00, 2023-12-15T16:00:00+00:00, 2023-12-18T17:00:00+00:00, 2023-12-22T16:00:00+00:00, 2024-01-02T16:00:00+00:00, 2024-01-03T16:00:00+00:00, 2024-01-04T16:00:00+00:00, 2024-01-09T16:00:00+00:00, 2024-01-26T16:00:00+00:00]","[14.0, 9.0, 7.0, 26.0, 34.0, 6.0, 6.0, 20.0, 83.0]","[1.565000000000012, -1.0550000000000068, 1.7900000000000063, 1.3200000000000074, 4.63000000000001, 2.875, 1.831000000000003, 2.1999999999999886, 2.0600000000000023]","[1.503578805783746, -0.9925208147137746, 1.7003894746841515, 1.2430549015914938, 4.2961863227243295, 2.5564645207184777, 1.5883205093729154, 1.879699248120291, 1.7373703297630112]",2024-01-30 11:32:54
KBWP,ALGO_EMA_XOVER_CGPT,7,6,1,1.1309,1.1584,20.1429,1.2438,1.3558444248795871,0.8571428571428571,2024-01-24 16:00:00+00:00,11,EMA_XOVER_P1.5_L1.5_AVR_1H_STOCK_RESULTS,"[2023-12-15T17:00:00+00:00, 2023-12-21T19:00:00+00:00, 2023-12-28T20:00:00+00:00, 2024-01-03T17:00:00+00:00, 2024-01-17T17:00:00+00:00, 2024-01-19T17:00:00+00:00, 2024-01-23T17:00:00+00:00, 2024-01-24T17:00:00+00:00]","[2023-12-21T18:00:00+00:00, 2023-12-22T15:00:00+00:00, 2024-01-03T16:00:00+00:00, 2024-01-17T16:00:00+00:00, 2024-01-19T16:00:00+00:00, 2024-01-23T16:00:00+00:00, 2024-01-24T16:00:00+00:00]","[28.0, 3.0, 17.0, 61.0, 13.0, 13.0, 6.0]","[-1.093999999999994, 1.0090000000000003, 2.069999999999993, 1.5109999999999957, 2.061000000000007, 1.242999999999995, 1.3089999999999975]","[-1.2234946765679455, 1.1406285326701338, 2.2905831581276894, 1.638828633405635, 2.2028880171870235, 1.301161938658008, 1.3558444248795871]",2024-01-30 11:28:32
PWB,ALGO_EMA_XOVER_CGPT,8,7,1,1.2147,0.8801,25.2500,1.1240,1.5421186829787077,0.875,2024-01-29 18:00:00+00:00,6,EMA_XOVER_P1.5_L1.5_AVR_1H_STOCK_RESULTS,"[2023-12-12T20:00:00+00:00, 2023-12-18T16:00:00+00:00, 2023-12-29T16:00:00+00:00, 2024-01-03T15:00:00+00:00, 2024-01-09T15:00:00+00:00, 2024-01-10T21:00:00+00:00, 2024-01-19T15:00:00+00:00, 2024-01-22T17:00:00+00:00, 2024-01-29T19:00:00+00:00]","[2023-12-18T15:00:00+00:00, 2023-12-29T15:00:00+00:00, 2024-01-02T21:00:00+00:00, 2024-01-08T21:00:00+00:00, 2024-01-10T20:00:00+00:00, 2024-01-18T21:00:00+00:00, 2024-01-22T16:00:00+00:00, 2024-01-29T18:00:00+00:00]","[23.0, 53.0, 11.0, 27.0, 11.0, 34.0, 8.0, 35.0]","[0.7560000000000002, 0.7049999999999983, -0.8910000000000053, 1.418999999999997, 1.3019999999999925, 1.2600000000000051, 1.2199999999999989, 1.269999999999996]","[0.9887005649717516, 0.9136858475894225, -1.1512966624026117, 1.8663439912667161, 1.6854805302402551, 1.6050955414012806, 1.5253813453363325, 1.5588560206210826]",2024-01-30 11:42:12
FOXA,ALGO_EMA_XOVER_CGPT,7,6,1,0.8641,0.3114,13.0000,1.0094,1.5324421258558814,0.8571428571428571,2024-01-26 16:00:00+00:00,9,EMA_XOVER_P1.5_L1.5_AVR_1H_STOCK_RESULTS,"[2024-01-05T17:00:00+00:00, 2024-01-10T21:00:00+00:00, 2024-01-12T19:00:00+00:00, 2024-01-16T17:00:00+00:00, 2024-01-17T16:00:00+00:00, 2024-01-22T17:00:00+00:00, 2024-01-25T17:00:00+00:00, 2024-01-26T17:00:00+00:00]","[2024-01-10T20:00:00+00:00, 2024-01-12T18:00:00+00:00, 2024-01-16T16:00:00+00:00, 2024-01-17T15:00:00+00:00, 2024-01-22T16:00:00+00:00, 2024-01-25T16:00:00+00:00, 2024-01-26T16:00:00+00:00]","[24.0, 11.0, 4.0, 5.0, 21.0, 20.0, 6.0]","[0.5350000000000001, 0.46999999999999886, -0.4399999999999977, 0.015000000000000568, 0.5949999999999989, 0.5800000000000018, 0.42499999999999716]","[1.7715231788079475, 1.5324421258558814, -1.4093529788596981, 0.04872502842293509, 1.9315046258724198, 1.8545163868904937, 1.3362678824084173]",2024-01-30 11:18:31
EOI,ALGO_EMA_XOVER_CGPT,8,7,1,0.8088,0.1419,25.0000,0.8675,1.1766807744022723,0.875,2024-01-26 17:00:00+00:00,9,EMA_XOVER_P1.5_L1.5_AVR_1H_STOCK_RESULTS,"[2023-12-12T19:00:00+00:00, 2023-12-13T21:00:00+00:00, 2023-12-29T17:00:00+00:00, 2024-01-04T17:00:00+00:00, 2024-01-09T21:00:00+00:00, 2024-01-11T16:00:00+00:00, 2024-01-18T18:00:00+00:00, 2024-01-22T17:00:00+00:00, 2024-01-26T18:00:00+00:00]","[2023-12-13T20:00:00+00:00, 2023-12-29T16:00:00+00:00, 2024-01-04T16:00:00+00:00, 2024-01-09T20:00:00+00:00, 2024-01-11T15:00:00+00:00, 2024-01-18T17:00:00+00:00, 2024-01-22T16:00:00+00:00, 2024-01-26T17:00:00+00:00]","[8.0, 72.0, 20.0, 24.0, 8.0, 28.0, 12.0, 28.0]","[0.24999999999999822, 0.17999999999999972, -0.3099999999999987, 0.17499999999999716, 0.16999999999999815, 0.2469999999999999, 0.21300000000000097, 0.21000000000000085]","[1.5634771732332595, 1.1063306699446818, -1.886218436264063, 1.0832559579077508, 1.0416666666666554, 1.503347534996956, 1.2810488963733746, 1.2470308788598625]",2024-01-30 11:14:32
IWL,ALGO_EMA_XOVER_CGPT,7,6,1,1.0547,0.8793,28.8571,0.7649,0.5709266578831846,0.8571428571428571,2024-01-26 15:00:00+00:00,9,EMA_XOVER_P1.5_L1.5_AVR_1H_STOCK_RESULTS,"[2023-12-12T17:00:00+00:00, 2023-12-13T21:00:00+00:00, 2024-01-04T16:00:00+00:00, 2024-01-09T16:00:00+00:00, 2024-01-10T16:00:00+00:00, 2024-01-19T19:00:00+00:00, 2024-01-24T19:00:00+00:00, 2024-01-26T16:00:00+00:00]","[2023-12-13T20:00:00+00:00, 2024-01-04T15:00:00+00:00, 2024-01-09T15:00:00+00:00, 2024-01-10T15:00:00+00:00, 2024-01-19T18:00:00+00:00, 2024-01-24T18:00:00+00:00, 2024-01-26T15:00:00+00:00]","[10.0, 92.0, 20.0, 6.0, 44.0, 20.0, 10.0]","[1.7250000000000085, -0.4900000000000091, 0.6500000000000057, 0.6150000000000091, 1.6800000000000068, 1.7950000000000017, 0.18000000000000682]","[1.5370906660726296, -0.4296737986671423, 0.5709266578831846, 0.536813162833334, 1.4582067528860403, 1.5287915307504296, 0.15180905794046287]",2024-01-30 11:26:50
NULG,ALGO_EMA_XOVER_CGPT,7,6,1,0.6481,0.5134,24.8571,0.7572,1.4968336211859412,0.8571428571428571,2024-01-22 16:00:00+00:00,13,EMA_XOVER_P1.5_L1.5_AVR_1H_STOCK_RESULTS,"[2023-12-12T18:00:00+00:00, 2023-12-13T21:00:00+00:00, 2023-12-19T17:00:00+00:00, 2024-01-03T17:00:00+00:00, 2024-01-09T19:00:00+00:00, 2024-01-16T16:00:00+00:00, 2024-01-19T16:00:00+00:00, 2024-01-22T17:00:00+00:00]","[2023-12-13T20:00:00+00:00, 2023-12-19T16:00:00+00:00, 2024-01-03T16:00:00+00:00, 2024-01-09T18:00:00+00:00, 2024-01-16T15:00:00+00:00, 2024-01-19T15:00:00+00:00, 2024-01-22T16:00:00+00:00]","[9.0, 23.0, 62.0, 29.0, 24.0, 20.0, 7.0]","[1.0760000000000076, 1.1640000000000015, -1.1260000000000048, 1.1099999999999994, 0.10500000000000398, 0.22500000000000853, 1.039999999999992]","[1.6081303243162572, 1.7116136811457836, -1.6322152320760803, 1.6383763837638368, 0.1526495602238918, 0.3252620166245154, 1.4968336211859412]",2024-01-30 11:35:13
STLG,ALGO_EMA_XOVER_CGPT,7,6,1,1.199,0.4049,10.2857,0.9811,1.1693645808166266,0.8571428571428571,2024-01-24 21:00:00+00:00,11,EMA_XOVER_P1_L.75_AV_1H_STOCK_RESULTS,"[2024-01-03T20:00:00+00:00, 2024-01-09T16:00:00+00:00, 2024-01-10T19:00:00+00:00, 2024-01-18T17:00:00+00:00, 2024-01-19T18:00:00+00:00, 2024-01-22T19:00:00+00:00, 2024-01-24T17:00:00+00:00, 2024-01-25T15:00:00+00:00]","[2024-01-09T15:00:00+00:00, 2024-01-10T18:00:00+00:00, 2024-01-18T16:00:00+00:00, 2024-01-19T17:00:00+00:00, 2024-01-22T18:00:00+00:00, 2024-01-24T16:00:00+00:00, 2024-01-24T21:00:00+00:00]","[15.0, 9.0, 23.0, 6.0, 5.0, 10.0, 4.0]","[0.6299999999999955, 0.4200000000000017, 0.48400000000000176, 0.6499999999999986, 0.5600000000000023, 0.5, -0.4099999999999966]","[1.5710723192019838, 1.0286554004408566, 1.1693645808166266, 1.5583792855430318, 1.3182674199623405, 1.162520344106022, -0.940798531436431]",2024-01-30 00:15:41
MBINO,ALGO_EMA_XOVER_CGPT,6,6,0,4.9086,0.1988,22.5000,0.8381,0.8440700782751076,1.0,2024-01-25 20:00:00+00:00,10,EMA_XOVER_P1_L.75_AV_1H_STOCK_RESULTS,"[2023-12-15T21:00:00+00:00, 2023-12-18T19:00:00+00:00, 2023-12-22T15:00:00+00:00, 2023-12-27T15:00:00+00:00, 2023-12-29T15:00:00+00:00, 2024-01-11T15:00:00+00:00, 2024-01-25T21:00:00+00:00]","[2023-12-18T18:00:00+00:00, 2023-12-21T21:00:00+00:00, 2023-12-26T21:00:00+00:00, 2023-12-28T21:00:00+00:00, 2024-01-10T21:00:00+00:00, 2024-01-25T20:00:00+00:00]","[4.0, 16.0, 11.0, 11.0, 44.0, 49.0]","[0.1750000000000007, 0.240000000000002, 0.15000000000000213, 0.22299999999999898, 0.15499999999999758, 0.25]","[0.7530120481927742, 1.0234541577825245, 0.6329113924050723, 0.9351281083574411, 0.6469115191986543, 1.0373443983402488]",2024-01-29 23:58:16
RECS,ALGO_EMA_XOVER_CGPT,7,6,1,1.0213,0.2244,30.4286,0.8056,1.0493179433368336,0.8571428571428571,2024-01-29 21:00:00+00:00,6,EMA_XOVER_P1_L.75_AV_1H_STOCK_RESULTS,"[2023-12-12T19:00:00+00:00, 2023-12-13T21:00:00+00:00, 2024-01-05T15:00:00+00:00, 2024-01-08T21:00:00+00:00, 2024-01-10T17:00:00+00:00, 2024-01-19T19:00:00+00:00, 2024-01-24T17:00:00+00:00]","[2023-12-13T20:00:00+00:00, 2024-01-04T21:00:00+00:00, 2024-01-08T20:00:00+00:00, 2024-01-10T16:00:00+00:00, 2024-01-19T18:00:00+00:00, 2024-01-24T16:00:00+00:00, 2024-01-29T21:00:00+00:00]","[8.0, 98.0, 12.0, 9.0, 43.0, 18.0, 25.0]","[0.35999999999999943, -0.28999999999999915, 0.23999999999999844, 0.2530000000000001, 0.3440000000000012, 0.36400000000000077, 0.3000000000000007]","[1.3230429988974621, -1.0511054729974596, 0.8746355685131139, 0.9176641276750095, 1.2362982929020707, 1.2894084307474345, 1.0493179433368336]",2024-01-30 00:09:12
JEPQ,ALGO_EMA_XOVER_CGPT,7,6,1,1.2568,0.3883,27.5714,0.7731,0.9824774637901336,0.8571428571428571,2024-01-24 16:00:00+00:00,11,EMA_XOVER_P1_L.75_AV_1H_STOCK_RESULTS,"[2023-12-11T20:00:00+00:00, 2023-12-13T21:00:00+00:00, 2024-01-03T15:00:00+00:00, 2024-01-08T21:00:00+00:00, 2024-01-10T21:00:00+00:00, 2024-01-18T18:00:00+00:00, 2024-01-19T18:00:00+00:00, 2024-01-24T17:00:00+00:00]","[2023-12-13T20:00:00+00:00, 2024-01-02T21:00:00+00:00, 2024-01-08T20:00:00+00:00, 2024-01-10T20:00:00+00:00, 2024-01-18T17:00:00+00:00, 2024-01-19T17:00:00+00:00, 2024-01-24T16:00:00+00:00]","[14.0, 84.0, 26.0, 13.0, 31.0, 6.0, 19.0]","[0.5080000000000027, -0.3500000000000014, 0.48499999999999943, 0.480000000000004, 0.4899999999999949, 0.5200000000000031, 0.5850000000000009]","[1.0274665264350202, -0.7011217948717977, 0.9824774637901336, 0.9619238476953987, 0.9733810091378523, 1.0264508487959005, 1.1411294255339917]",2024-01-29 23:54:26
USMC,ALGO_EMA_XOVER_CGPT,8,7,1,1.159,0.3554,26.1250,0.7569,0.9795593285036033,0.875,2024-01-29 20:00:00+00:00,6,EMA_XOVER_P1_L.75_AV_1H_STOCK_RESULTS,"[2023-12-12T21:00:00+00:00, 2023-12-14T19:00:00+00:00, 2023-12-18T17:00:00+00:00, 2024-01-03T17:00:00+00:00, 2024-01-09T15:00:00+00:00, 2024-01-11T15:00:00+00:00, 2024-01-19T17:00:00+00:00, 2024-01-22T17:00:00+00:00, 2024-01-29T21:00:00+00:00]","[2023-12-14T18:00:00+00:00, 2023-12-18T16:00:00+00:00, 2024-01-03T16:00:00+00:00, 2024-01-08T21:00:00+00:00, 2024-01-10T21:00:00+00:00, 2024-01-19T16:00:00+00:00, 2024-01-22T16:00:00+00:00, 2024-01-29T20:00:00+00:00]","[11.0, 11.0, 69.0, 25.0, 13.0, 36.0, 6.0, 38.0]","[0.28999999999999915, 0.5330000000000013, -0.4099999999999966, 0.5200000000000031, 0.4299999999999997, 0.490000000000002, 0.4099999999999966, 0.5799999999999983]","[0.6309834638816343, 1.1549295774647914, -0.8760683760683687, 1.1216566005176944, 0.9189997862791189, 1.0401188707280875, 0.8595387840670787, 1.20481927710843]",2024-01-30 00:20:33
WTFCM,ALGO_EMA_XOVER_CGPT,21,18,3,0.6591,0.1615,7.2381,0.6967,0.7193605683836547,0.8571428571428571,2024-01-25 20:00:00+00:00,10,EMA_XOVER_P1_L.75_AV_1H_STOCK_RESULTS,"[2023-12-15T19:00:00+00:00, 2023-12-18T17:00:00+00:00, 2023-12-20T17:00:00+00:00, 2023-12-26T19:00:00+00:00, 2023-12-27T21:00:00+00:00, 2023-12-28T20:00:00+00:00, 2023-12-29T18:00:00+00:00, 2024-01-03T17:00:00+00:00, 2024-01-08T17:00:00+00:00, 2024-01-09T19:00:00+00:00, 2024-01-12T21:00:00+00:00, 2024-01-16T20:00:00+00:00, 2024-01-17T15:00:00+00:00, 2024-01-17T18:00:00+00:00, 2024-01-18T15:00:00+00:00, 2024-01-18T18:00:00+00:00, 2024-01-22T18:00:00+00:00, 2024-01-23T15:00:00+00:00, 2024-01-23T18:00:00+00:00, 2024-01-24T19:00:00+00:00, 2024-01-25T18:00:00+00:00, 2024-01-25T21:00:00+00:00]","[2023-12-18T16:00:00+00:00, 2023-12-20T16:00:00+00:00, 2023-12-26T18:00:00+00:00, 2023-12-27T20:00:00+00:00, 2023-12-28T19:00:00+00:00, 2023-12-29T17:00:00+00:00, 2024-01-03T16:00:00+00:00, 2024-01-08T16:00:00+00:00, 2024-01-09T18:00:00+00:00, 2024-01-12T20:00:00+00:00, 2024-01-16T19:00:00+00:00, 2024-01-16T21:00:00+00:00, 2024-01-17T17:00:00+00:00, 2024-01-17T21:00:00+00:00, 2024-01-18T17:00:00+00:00, 2024-01-22T17:00:00+00:00, 2024-01-22T21:00:00+00:00, 2024-01-23T17:00:00+00:00, 2024-01-24T18:00:00+00:00, 2024-01-25T17:00:00+00:00, 2024-01-25T20:00:00+00:00]","[4.0, 11.0, 22.0, 8.0, 5.0, 3.0, 11.0, 18.0, 8.0, 20.0, 5.0, 1.0, 2.0, 3.0, 2.0, 12.0, 3.0, 2.0, 6.0, 4.0, 2.0]","[0.43900000000000006, 0.010000000000001563, -0.402000000000001, 0.3240000000000016, 0.10699999999999932, 0.16199999999999903, 0.07199999999999918, 0.33000000000000185, 0.18599999999999994, 0.4049999999999976, 0.009000000000000341, 0.03999999999999915, 0.504999999999999, -0.10000000000000142, 0.14000000000000057, 0.10999999999999943, 0.1750000000000007, -0.29499999999999815, 0.41000000000000014, 0.5839999999999996, 0.17999999999999972]","[1.942477876106195, 0.04395604395605083, -1.7670329670329714, 1.4497941650259603, 0.4725522236452737, 0.7193605683836547, 0.3174883146661927, 1.4435695538057824, 0.7995185694635486, 1.7289220917822736, 0.03783102143758025, 0.16985138004245923, 2.1535181236673733, -0.42176296921130924, 0.5993150684931532, 0.4692832764505095, 0.7421543681085696, -1.2343096234309547, 1.7431972789115653, 2.471434617012271, 0.7493755203996657]",2024-01-30 00:24:16
HAYN,ALGO_KAMA_STOCHRSI_VWAP_CGPT,6,6,0,0.9779,0.6708,1.0000,1.2407,0.8487653152880349,1.0,2024-01-25 20:00:00+00:00,10,KAMA_STOCHRSI_VWAP_P.5_L.5_AVR_1H_STOCK_RESULTS,"[2023-12-15T21:00:00+00:00, 2023-12-21T16:00:00+00:00, 2023-12-27T17:00:00+00:00, 2023-12-27T19:00:00+00:00, 2024-01-24T16:00:00+00:00, 2024-01-25T19:00:00+00:00]","[2023-12-18T15:00:00+00:00, 2023-12-21T17:00:00+00:00, 2023-12-27T18:00:00+00:00, 2023-12-27T20:00:00+00:00, 2024-01-24T17:00:00+00:00, 2024-01-25T20:00:00+00:00]","[1.0, 1.0, 1.0, 1.0, 1.0, 1.0]","[2.1000000000000014, 0.34499999999999886, 0.060000000000002274, 0.4199999999999946, 0.5300000000000011, 0.5699999999999932]","[3.960022628700738, 0.6215096379030784, 0.10162601626016646, 0.7133152173912951, 0.9842154131847747, 1.0636312744914969]",2024-01-31 01:29:38
ODP,ALGO_KAMA_STOCHRSI_VWAP_CGPT,7,6,1,1.0568,0.3521,1.2857,0.6540,0.7575757575757683,0.8571428571428571,2024-01-29 20:00:00+00:00,6,KAMA_STOCHRSI_VWAP_P.5_L.5_AVR_1H_STOCK_RESULTS,"[2023-12-18T21:00:00+00:00, 2023-12-19T18:00:00+00:00, 2023-12-19T20:00:00+00:00, 2023-12-20T15:00:00+00:00, 2023-12-21T16:00:00+00:00, 2024-01-24T18:00:00+00:00, 2024-01-29T18:00:00+00:00]","[2023-12-19T15:00:00+00:00, 2023-12-19T19:00:00+00:00, 2023-12-19T21:00:00+00:00, 2023-12-20T17:00:00+00:00, 2023-12-21T17:00:00+00:00, 2024-01-24T19:00:00+00:00, 2024-01-29T20:00:00+00:00]","[1.0, 1.0, 1.0, 2.0, 1.0, 1.0, 2.0]","[0.6500000000000057, 0.3049999999999997, 0.7000000000000028, 0.509999999999998, 0.22999999999999687, -0.3299999999999983, 0.4000000000000057]","[1.219512195121962, 0.5718035245594295, 1.310861423220979, 0.9360374414976563, 0.4203984646316886, -0.6379277015271569, 0.7575757575757683]",2024-01-31 01:43:38
CIGI,ALGO_KAMA_STOCHRSI_VWAP_CGPT,8,7,1,1.1915,0.5529,1.8750,0.4596,0.5815109904988287,0.875,2024-01-30 19:00:00+00:00,5,KAMA_STOCHRSI_VWAP_P.5_L.5_AVR_1H_STOCK_RESULTS,"[2023-12-12T19:00:00+00:00, 2023-12-15T21:00:00+00:00, 2023-12-20T15:00:00+00:00, 2023-12-20T17:00:00+00:00, 2023-12-21T17:00:00+00:00, 2024-01-24T21:00:00+00:00, 2024-01-29T17:00:00+00:00, 2024-01-30T18:00:00+00:00]","[2023-12-13T16:00:00+00:00, 2023-12-18T16:00:00+00:00, 2023-12-20T16:00:00+00:00, 2023-12-20T19:00:00+00:00, 2023-12-21T18:00:00+00:00, 2024-01-25T16:00:00+00:00, 2024-01-29T19:00:00+00:00, 2024-01-30T19:00:00+00:00]","[4.0, 2.0, 1.0, 2.0, 1.0, 2.0, 2.0, 1.0]","[-0.24499999999999034, 1.1200000000000045, 0.15500000000000114, 0.597999999999999, 0.8200000000000074, 0.8500000000000085, 0.9299999999999926, 0.1950000000000074]","[-0.22533915842721575, 0.943157894736846, 0.12730483347706553, 0.4884024828487414, 0.6746194981489161, 0.7207054434458271, 0.7840161861406107, 0.16357688113413923]",2024-01-31 01:16:13
HAYN,ALGO_KAMA_STOCHRSI_VWAP_CGPT,6,6,0,1.0263,0.6975,1.1667,1.2860,0.9846348805054294,1.0,2024-01-25 20:00:00+00:00,10,KAMA_STOCHRSI_VWAP_P1_L.75_AV_1H_STOCK_RESULTS,"[2023-12-15T21:00:00+00:00, 2023-12-21T16:00:00+00:00, 2023-12-27T17:00:00+00:00, 2023-12-27T19:00:00+00:00, 2024-01-24T16:00:00+00:00, 2024-01-25T19:00:00+00:00]","[2023-12-18T15:00:00+00:00, 2023-12-21T17:00:00+00:00, 2023-12-27T18:00:00+00:00, 2023-12-27T21:00:00+00:00, 2024-01-24T17:00:00+00:00, 2024-01-25T20:00:00+00:00]","[1.0, 1.0, 1.0, 2.0, 1.0, 1.0]","[2.1000000000000014, 0.34499999999999886, 0.060000000000002274, 0.5799999999999983, 0.5300000000000011, 0.5699999999999932]","[3.960022628700738, 0.6215096379030784, 0.10162601626016646, 0.985054347826084, 0.9842154131847747, 1.0636312744914969]",2024-01-30 01:45:12
BYD,ALGO_RSI9_RSI30_SMA200_2,6,6,0,1.7492,0.6537,4.6667,1.0267,0.9352138836300332,1.0,2024-01-25 15:00:00+00:00,10,RSI9_RSI30_SMA200B_P1.5_L1.5_AVR_1H_STOCK_RESULTS,"[2023-01-30T21:00:00+00:00, 2023-02-16T21:00:00+00:00, 2023-02-21T16:00:00+00:00, 2023-04-25T16:00:00+00:00, 2023-12-20T21:00:00+00:00, 2024-01-24T21:00:00+00:00]","[2023-01-31T16:00:00+00:00, 2023-02-17T21:00:00+00:00, 2023-02-22T17:00:00+00:00, 2023-04-26T15:00:00+00:00, 2023-12-21T19:00:00+00:00, 2024-01-25T15:00:00+00:00]","[2.0, 7.0, 8.0, 5.0, 5.0, 1.0]","[0.7689999999999984, 0.2780000000000058, 0.3329999999999984, 1.3629999999999995, 0.35899999999999466, 0.8199999999999932]","[1.2833564192853897, 0.42495299530718267, 0.514293657044894, 2.054846150367098, 0.5870713479746769, 1.2958280657395593]",2024-01-30 13:59:57
HTGC,ALGO_RSI_EMA_ADX_CGPT,8,8,0,0.966,0.1369,2.1250,0.8171,0.4922908408169636,1.0,2024-01-25 15:00:00+00:00,10,RSI_EMA_ADX_CGPT_P.5_L.5_AVR_1H_STOCK_RESULTS,"[2024-01-02T16:00:00+00:00, 2024-01-02T19:00:00+00:00, 2024-01-03T16:00:00+00:00, 2024-01-03T19:00:00+00:00, 2024-01-03T21:00:00+00:00, 2024-01-18T20:00:00+00:00, 2024-01-19T21:00:00+00:00, 2024-01-24T20:00:00+00:00]","[2024-01-02T17:00:00+00:00, 2024-01-02T21:00:00+00:00, 2024-01-03T18:00:00+00:00, 2024-01-03T20:00:00+00:00, 2024-01-04T16:00:00+00:00, 2024-01-19T19:00:00+00:00, 2024-01-22T15:00:00+00:00, 2024-01-25T15:00:00+00:00]","[1.0, 2.0, 2.0, 1.0, 2.0, 6.0, 1.0, 2.0]","[0.08999999999999986, 0.05000000000000071, 0.07500000000000284, 0.04999999999999716, 0.48499999999999943, 0.08999999999999986, 0.19500000000000028, 0.05999999999999872]","[0.5449591280653943, 0.299760191846527, 0.4523522316043598, 0.2999400119975834, 2.911164465786311, 0.5322294500295675, 1.148071828083605, 0.34863451481695945]",2024-01-30 18:17:00
MKSI,ALGO_RSI_EMA_ADX_CGPT,10,9,1,0.6262,0.6935,1.6000,0.6880,0.526288241302113,0.9,2024-01-30 17:00:00+00:00,5,RSI_EMA_ADX_CGPT_P.5_L.5_AVR_1H_STOCK_RESULTS,"[2024-01-11T17:00:00+00:00, 2024-01-12T15:00:00+00:00, 2024-01-12T17:00:00+00:00, 2024-01-16T15:00:00+00:00, 2024-01-16T18:00:00+00:00, 2024-01-17T15:00:00+00:00, 2024-01-17T17:00:00+00:00, 2024-01-17T21:00:00+00:00, 2024-01-29T18:00:00+00:00, 2024-01-30T16:00:00+00:00, 2024-01-30T18:00:00+00:00]","[2024-01-11T18:00:00+00:00, 2024-01-12T16:00:00+00:00, 2024-01-12T21:00:00+00:00, 2024-01-16T16:00:00+00:00, 2024-01-16T19:00:00+00:00, 2024-01-17T16:00:00+00:00, 2024-01-17T20:00:00+00:00, 2024-01-18T15:00:00+00:00, 2024-01-29T20:00:00+00:00, 2024-01-30T17:00:00+00:00]","[1.0, 1.0, 4.0, 1.0, 1.0, 1.0, 3.0, 1.0, 2.0, 1.0]","[0.6700000000000017, -1.6650000000000063, 0.29999999999999716, 2.1200000000000045, 1.3500000000000085, 0.39000000000000057, 0.8400000000000034, 2.469999999999999, 0.29000000000000625, 0.1700000000000017]","[0.6597085466719197, -1.620990118288474, 0.2970002970002942, 2.118728762742359, 1.327303116704364, 0.39286793593230646, 0.8476286579212952, 2.4431256181998013, 0.2615440115440172, 0.1529602303401131]",2024-01-30 18:26:06
AVIV,ALGO_RSI_EMA_ADX_CGPT,8,7,1,1.1931,0.3392,5.8750,0.6732,0.652216891970417,0.875,2024-01-12 17:00:00+00:00,23,RSI_EMA_ADX_CGPT_P.5_L.5_AVR_1H_STOCK_RESULTS,"[2023-12-13T17:00:00+00:00, 2023-12-18T16:00:00+00:00, 2023-12-20T20:00:00+00:00, 2024-01-03T19:00:00+00:00, 2024-01-04T17:00:00+00:00, 2024-01-05T20:00:00+00:00, 2024-01-09T16:00:00+00:00, 2024-01-11T18:00:00+00:00]","[2023-12-13T20:00:00+00:00, 2023-12-19T16:00:00+00:00, 2023-12-21T16:00:00+00:00, 2024-01-04T16:00:00+00:00, 2024-01-05T16:00:00+00:00, 2024-01-08T17:00:00+00:00, 2024-01-11T17:00:00+00:00, 2024-01-12T17:00:00+00:00]","[3.0, 7.0, 3.0, 4.0, 6.0, 4.0, 15.0, 5.0]","[0.8200000000000003, 0.5050000000000026, 0.45000000000000284, 0.3329999999999984, 0.3299999999999983, 0.2709999999999937, -0.23499999999999943, 0.23999999999999488]","[1.6400000000000006, 1.0055754679410644, 0.8926800238048063, 0.6567399664727313, 0.6476938174681026, 0.5318000745697398, -0.46396841066140065, 0.4753416518122299]",2024-01-30 17:54:26
DFEV,ALGO_RSI_EMA_ADX_CGPT,7,6,1,0.8331,0.1620,6.0000,0.6669,0.6933115823817362,0.8571428571428571,2024-01-12 16:00:00+00:00,23,RSI_EMA_ADX_CGPT_P.5_L.5_AVR_1H_STOCK_RESULTS,"[2023-12-13T16:00:00+00:00, 2023-12-20T16:00:00+00:00, 2023-12-20T21:00:00+00:00, 2024-01-04T18:00:00+00:00, 2024-01-05T20:00:00+00:00, 2024-01-08T16:00:00+00:00, 2024-01-09T16:00:00+00:00]","[2023-12-13T20:00:00+00:00, 2023-12-20T20:00:00+00:00, 2023-12-21T16:00:00+00:00, 2024-01-05T16:00:00+00:00, 2024-01-05T21:00:00+00:00, 2024-01-08T21:00:00+00:00, 2024-01-12T16:00:00+00:00]","[4.0, 4.0, 2.0, 5.0, 1.0, 5.0, 21.0]","[0.384999999999998, -0.17499999999999716, 0.41999999999999815, 0.20599999999999952, 0.05000000000000071, 0.07800000000000296, 0.1700000000000017]","[1.604500937695345, -0.7156000817828548, 1.7384105960264824, 0.8314497901194685, 0.20128824476650847, 0.3148716292588526, 0.6933115823817362]",2024-01-30 18:04:40
TEVA,ALGO_RSI_EMA_ADX_CGPT,16,15,1,1.0148,0.0693,1.8750,0.6661,0.5214010551331598,0.9375,2024-01-30 17:00:00+00:00,5,RSI_EMA_ADX_CGPT_P.5_L.5_AVR_1H_STOCK_RESULTS,"[2023-12-12T15:00:00+00:00, 2023-12-12T17:00:00+00:00, 2023-12-12T19:00:00+00:00, 2023-12-13T15:00:00+00:00, 2023-12-15T19:00:00+00:00, 2023-12-15T21:00:00+00:00, 2023-12-26T16:00:00+00:00, 2023-12-26T18:00:00+00:00, 2023-12-28T17:00:00+00:00, 2023-12-29T16:00:00+00:00, 2024-01-17T19:00:00+00:00, 2024-01-17T21:00:00+00:00, 2024-01-18T17:00:00+00:00, 2024-01-19T15:00:00+00:00, 2024-01-22T15:00:00+00:00, 2024-01-30T16:00:00+00:00, 2024-01-30T18:00:00+00:00]","[2023-12-12T16:00:00+00:00, 2023-12-12T18:00:00+00:00, 2023-12-12T21:00:00+00:00, 2023-12-13T16:00:00+00:00, 2023-12-15T20:00:00+00:00, 2023-12-18T15:00:00+00:00, 2023-12-26T17:00:00+00:00, 2023-12-26T19:00:00+00:00, 2023-12-29T15:00:00+00:00, 2024-01-02T15:00:00+00:00, 2024-01-17T20:00:00+00:00, 2024-01-18T16:00:00+00:00, 2024-01-18T21:00:00+00:00, 2024-01-19T16:00:00+00:00, 2024-01-22T16:00:00+00:00, 2024-01-30T17:00:00+00:00]","[1.0, 1.0, 2.0, 1.0, 1.0, 1.0, 1.0, 1.0, 5.0, 6.0, 1.0, 2.0, 4.0, 1.0, 1.0, 1.0]","[0.09499999999999886, 0.10499999999999865, 0.009999999999999787, 0.049999999999998934, -0.04499999999999993, 0.17499999999999893, 0.054999999999999716, 0.03500000000000014, 0.028999999999999915, 0.22000000000000064, 0.019999999999999574, 0.009999999999999787, 0.04499999999999993, 0.07499999999999929, 0.16000000000000014, 0.07000000000000028]","[1.0042283298097132, 1.0983263598326218, 0.10341261633919117, 0.5157297576070029, -0.45203415369161154, 1.7535070140280453, 0.5270723526593168, 0.3350885591191971, 0.2769554006303115, 2.105263157894743, 0.18239854081166962, 0.09062075215224093, 0.41133455210237596, 0.6874427131072346, 1.413427561837457, 0.6044905008635604]",2024-01-30 18:42:39
IHG,ALGO_RSI_EMA_ADX_CGPT,9,9,0,1.4227,0.5432,2.3333,0.6012,0.5502445531347316,1.0,2024-01-10 16:00:00+00:00,25,RSI_EMA_ADX_CGPT_P.5_L.5_AVR_1H_STOCK_RESULTS,"[2023-12-26T17:00:00+00:00, 2023-12-26T21:00:00+00:00, 2024-01-02T16:00:00+00:00, 2024-01-02T18:00:00+00:00, 2024-01-03T16:00:00+00:00, 2024-01-03T19:00:00+00:00, 2024-01-05T20:00:00+00:00, 2024-01-09T16:00:00+00:00, 2024-01-09T19:00:00+00:00]","[2023-12-26T19:00:00+00:00, 2023-12-27T16:00:00+00:00, 2024-01-02T17:00:00+00:00, 2024-01-02T21:00:00+00:00, 2024-01-03T18:00:00+00:00, 2024-01-04T15:00:00+00:00, 2024-01-08T15:00:00+00:00, 2024-01-09T18:00:00+00:00, 2024-01-10T16:00:00+00:00]","[2.0, 2.0, 1.0, 3.0, 2.0, 3.0, 2.0, 2.0, 4.0]","[0.34499999999999886, 0.6599999999999966, 0.49500000000000455, 0.32500000000000284, 0.5600000000000023, 0.5600000000000023, 0.28000000000000114, 0.15000000000000568, 1.51400000000001]","[0.3830992171450767, 0.7315451119485664, 0.5502445531347316, 0.35933440212284024, 0.6259780907668258, 0.6207049434715166, 0.3085739475424302, 0.16545334215751786, 1.666098095101859]",2024-01-30 18:19:00
AZZ,ALGO_RSI_EMA_ADX_CGPT,6,6,0,1.6951,0.3113,1.3333,0.5473,0.5798882058918653,1.0,2024-01-19 18:00:00+00:00,16,RSI_EMA_ADX_CGPT_P.5_L.5_AVR_1H_STOCK_RESULTS,"[2024-01-08T18:00:00+00:00, 2024-01-09T16:00:00+00:00, 2024-01-11T18:00:00+00:00, 2024-01-17T16:00:00+00:00, 2024-01-18T18:00:00+00:00, 2024-01-19T17:00:00+00:00]","[2024-01-08T20:00:00+00:00, 2024-01-09T17:00:00+00:00, 2024-01-11T20:00:00+00:00, 2024-01-17T17:00:00+00:00, 2024-01-18T19:00:00+00:00, 2024-01-19T18:00:00+00:00]","[2.0, 1.0, 2.0, 1.0, 1.0, 1.0]","[0.269999999999996, 0.46300000000000097, 0.05000000000000426, 0.5600000000000023, 0.39000000000000057, 0.134999999999998]","[0.4785537043601489, 0.8204855573276644, 0.08781173164735558, 0.9817671809256702, 0.6812227074235818, 0.23417172593234695]",2024-01-30 17:54:53
STEP,ALGO_RSI_EMA_ADX_CGPT,11,10,1,1.0283,0.1709,1.6364,0.5315,0.6955422067657364,0.9090909090909091,2024-01-25 20:00:00+00:00,10,RSI_EMA_ADX_CGPT_P.5_L.5_AVR_1H_STOCK_RESULTS,"[2024-01-09T18:00:00+00:00, 2024-01-09T20:00:00+00:00, 2024-01-11T17:00:00+00:00, 2024-01-11T19:00:00+00:00, 2024-01-12T16:00:00+00:00, 2024-01-16T16:00:00+00:00, 2024-01-16T18:00:00+00:00, 2024-01-17T16:00:00+00:00, 2024-01-18T18:00:00+00:00, 2024-01-24T21:00:00+00:00, 2024-01-25T18:00:00+00:00]","[2024-01-09T19:00:00+00:00, 2024-01-09T21:00:00+00:00, 2024-01-11T18:00:00+00:00, 2024-01-11T21:00:00+00:00, 2024-01-12T19:00:00+00:00, 2024-01-16T17:00:00+00:00, 2024-01-16T21:00:00+00:00, 2024-01-17T17:00:00+00:00, 2024-01-18T19:00:00+00:00, 2024-01-25T16:00:00+00:00, 2024-01-25T20:00:00+00:00]","[1.0, 1.0, 1.0, 2.0, 3.0, 1.0, 3.0, 1.0, 1.0, 2.0, 2.0]","[-0.21499999999999986, 0.33999999999999986, 0.05000000000000071, 0.19000000000000128, 0.125, 0.029999999999997584, 0.25, 0.23000000000000043, 0.22000000000000242, 0.4099999999999966, 0.25]","[-0.6780195521917372, 1.0817690104995223, 0.15757957768673403, 0.5988023952095849, 0.3939489442168295, 0.09439899307739956, 0.7906388361796332, 0.7273877292852637, 0.6955422067657364, 1.2323414487526196, 0.7523322299127295]",2024-01-30 18:41:14
LH,ALGO_RSI_EMA_ADX_CGPT,11,11,0,1.3895,0.8269,2.3636,0.3742,0.3444837276765438,1.0,2024-01-29 17:00:00+00:00,6,RSI_EMA_ADX_CGPT_P.5_L.5_AVR_1H_STOCK_RESULTS,"[2023-12-12T15:00:00+00:00, 2023-12-15T17:00:00+00:00, 2023-12-18T15:00:00+00:00, 2023-12-18T19:00:00+00:00, 2023-12-20T20:00:00+00:00, 2024-01-23T16:00:00+00:00, 2024-01-24T16:00:00+00:00, 2024-01-25T16:00:00+00:00, 2024-01-25T18:00:00+00:00, 2024-01-26T21:00:00+00:00, 2024-01-29T16:00:00+00:00]","[2023-12-12T16:00:00+00:00, 2023-12-15T21:00:00+00:00, 2023-12-18T18:00:00+00:00, 2023-12-18T21:00:00+00:00, 2023-12-21T15:00:00+00:00, 2024-01-23T20:00:00+00:00, 2024-01-25T15:00:00+00:00, 2024-01-25T17:00:00+00:00, 2024-01-25T19:00:00+00:00, 2024-01-29T15:00:00+00:00, 2024-01-29T17:00:00+00:00]","[1.0, 4.0, 3.0, 2.0, 2.0, 4.0, 6.0, 1.0, 1.0, 1.0, 1.0]","[1.8499999999999943, 0.09000000000000341, 0.08500000000000796, 1.2900000000000205, 0.7599999999999909, 0.7400000000000091, 0.8300000000000125, 1.6310000000000002, 0.7050000000000125, 0.13500000000001933, 0.9799999999999898]","[0.8570766736159344, 0.041049030786774646, 0.03872525570058906, 0.5900109769484178, 0.3444837276765438, 0.3290790234357669, 0.3714976277862378, 0.7334952329555676, 0.3144513826940288, 0.06004803843075319, 0.4360594464714736]",2024-01-30 18:23:54
RS,ALGO_RSI_EMA_ADX_CGPT,6,6,0,2.2336,1.0350,3.3333,0.3690,0.3592106535792241,1.0,2024-01-29 18:00:00+00:00,6,RSI_EMA_ADX_CGPT_P.5_L.5_AVR_1H_STOCK_RESULTS,"[2024-01-16T21:00:00+00:00, 2024-01-17T19:00:00+00:00, 2024-01-24T21:00:00+00:00, 2024-01-25T16:00:00+00:00, 2024-01-26T17:00:00+00:00, 2024-01-29T16:00:00+00:00]","[2024-01-17T18:00:00+00:00, 2024-01-18T15:00:00+00:00, 2024-01-25T15:00:00+00:00, 2024-01-26T15:00:00+00:00, 2024-01-26T21:00:00+00:00, 2024-01-29T18:00:00+00:00]","[4.0, 3.0, 1.0, 6.0, 4.0, 2.0]","[0.9599999999999795, 0.4700000000000273, 1.8899999999999864, 1.170000000000016, 0.6699999999999591, 1.0500000000000114]","[0.34454294225315996, 0.16826578834312877, 0.6722151088348222, 0.4164738546969053, 0.23877405559513862, 0.37387836490528825]",2024-01-30 18:36:46
FOXA,ALGO_RSI_EMA_ADX_CGPT,11,10,1,0.954,0.1091,1.4545,0.3631,0.3809839324167699,0.9090909090909091,2024-01-25 16:00:00+00:00,10,RSI_EMA_ADX_CGPT_P.5_L.5_AVR_1H_STOCK_RESULTS,"[2024-01-04T16:00:00+00:00, 2024-01-04T18:00:00+00:00, 2024-01-05T20:00:00+00:00, 2024-01-09T18:00:00+00:00, 2024-01-10T16:00:00+00:00, 2024-01-16T18:00:00+00:00, 2024-01-17T15:00:00+00:00, 2024-01-17T19:00:00+00:00, 2024-01-17T21:00:00+00:00, 2024-01-18T17:00:00+00:00, 2024-01-25T15:00:00+00:00]","[2024-01-04T17:00:00+00:00, 2024-01-04T21:00:00+00:00, 2024-01-05T21:00:00+00:00, 2024-01-09T19:00:00+00:00, 2024-01-10T17:00:00+00:00, 2024-01-16T21:00:00+00:00, 2024-01-17T16:00:00+00:00, 2024-01-17T20:00:00+00:00, 2024-01-18T16:00:00+00:00, 2024-01-18T18:00:00+00:00, 2024-01-25T16:00:00+00:00]","[1.0, 3.0, 1.0, 1.0, 1.0, 3.0, 1.0, 1.0, 2.0, 1.0, 1.0]","[0.16000000000000014, 0.129999999999999, 0.14999999999999858, 0.11500000000000199, 0.36499999999999844, 0.120000000000001, 0.004999999999999005, 0.09499999999999886, 0.08999999999999986, 0.09499999999999886, -0.125]","[0.5343129069961601, 0.43434680922151353, 0.5003335557037978, 0.3809839324167699, 1.214036254781302, 0.3916449086161912, 0.016233766233763002, 0.31005221932114513, 0.2937336814621405, 0.3094966606939204, -0.39086929330831766]",2024-01-30 18:12:28
IBHF,ALGO_RSI_EMA_ADX_CGPT,6,6,0,1.4418,0.0822,4.8333,0.3605,0.3214440941259711,1.0,2024-01-11 18:00:00+00:00,24,RSI_EMA_ADX_CGPT_P.5_L.5_AVR_1H_STOCK_RESULTS,"[2023-12-13T15:00:00+00:00, 2023-12-20T21:00:00+00:00, 2023-12-22T21:00:00+00:00, 2024-01-04T16:00:00+00:00, 2024-01-08T21:00:00+00:00, 2024-01-11T17:00:00+00:00]","[2023-12-13T20:00:00+00:00, 2023-12-21T16:00:00+00:00, 2023-12-26T16:00:00+00:00, 2024-01-08T19:00:00+00:00, 2024-01-09T16:00:00+00:00, 2024-01-11T18:00:00+00:00]","[5.0, 2.0, 2.0, 17.0, 2.0, 1.0]","[0.18900000000000006, 0.09499999999999886, 0.021999999999998465, 0.0920000000000023, 0.0400000000000027, 0.054999999999999716]","[0.8337744838538913, 0.41557305336832395, 0.09602793539938222, 0.4026610644257804, 0.17482517482518664, 0.24022712382616168]",2024-01-30 18:17:46
TRV,ALGO_RSI_EMA_ADX_CGPT,11,10,1,1.3094,0.6668,2.4545,0.3554,0.3174429423676778,0.9090909090909091,2024-01-11 18:00:00+00:00,24,RSI_EMA_ADX_CGPT_P.5_L.5_AVR_1H_STOCK_RESULTS,"[2023-12-14T16:00:00+00:00, 2023-12-14T19:00:00+00:00, 2023-12-15T17:00:00+00:00, 2023-12-15T19:00:00+00:00, 2023-12-21T17:00:00+00:00, 2023-12-21T20:00:00+00:00, 2024-01-08T16:00:00+00:00, 2024-01-09T15:00:00+00:00, 2024-01-09T19:00:00+00:00, 2024-01-10T17:00:00+00:00, 2024-01-11T17:00:00+00:00]","[2023-12-14T18:00:00+00:00, 2023-12-15T16:00:00+00:00, 2023-12-15T18:00:00+00:00, 2023-12-18T16:00:00+00:00, 2023-12-21T19:00:00+00:00, 2023-12-21T21:00:00+00:00, 2024-01-08T21:00:00+00:00, 2024-01-09T18:00:00+00:00, 2024-01-09T21:00:00+00:00, 2024-01-10T19:00:00+00:00, 2024-01-11T18:00:00+00:00]","[2.0, 4.0, 1.0, 4.0, 2.0, 1.0, 5.0, 3.0, 2.0, 2.0, 1.0]","[-0.3200000000000216, 0.3100000000000023, 0.3200000000000216, 0.5799999999999841, 0.9499999999999886, 1.5500000000000114, 0.8199999999999932, 1.0999999999999943, 0.5500000000000114, 0.3650000000000091, 1.1099999999999852]","[-0.17529443987949692, 0.16970493239174594, 0.1749685603368263, 0.3174429423676778, 0.5184174624829406, 0.8425286731532377, 0.42819843342036196, 0.5775490916727892, 0.2868766951804774, 0.19054082271873518, 0.5780346820809172]",2024-01-30 18:44:02
SPGI,ALGO_RSI_EMA_ADX_CGPT,8,8,0,1.1997,1.4665,2.2500,0.3340,0.20098632637676106,1.0,2024-01-29 21:00:00+00:00,6,RSI_EMA_ADX_CGPT_P.5_L.5_AVR_1H_STOCK_RESULTS,"[2024-01-08T17:00:00+00:00, 2024-01-09T16:00:00+00:00, 2024-01-09T20:00:00+00:00, 2024-01-11T16:00:00+00:00, 2024-01-18T18:00:00+00:00, 2024-01-25T16:00:00+00:00, 2024-01-26T19:00:00+00:00, 2024-01-29T18:00:00+00:00]","[2024-01-08T21:00:00+00:00, 2024-01-09T17:00:00+00:00, 2024-01-10T18:00:00+00:00, 2024-01-11T18:00:00+00:00, 2024-01-18T19:00:00+00:00, 2024-01-25T17:00:00+00:00, 2024-01-26T20:00:00+00:00, 2024-01-29T21:00:00+00:00]","[4.0, 1.0, 5.0, 2.0, 1.0, 1.0, 1.0, 3.0]","[2.3600000000000136, 0.9020000000000437, 0.5299999999999727, 0.5399999999999636, 0.8100000000000023, 1.5, 0.8600000000000136, 4.229999999999961]","[0.5490926012098682, 0.20912159655761828, 0.12302978249262347, 0.1250752767869467, 0.18572869852334273, 0.3373819163292847, 0.19285105619590387, 0.949921401302484]",2024-01-30 18:40:03
AGO,ALGO_RSI_EMA_ADX_CGPT,9,9,0,1.7017,0.2278,2.1111,0.3025,0.3047568570292884,1.0,2024-01-17 21:00:00+00:00,18,RSI_EMA_ADX_CGPT_P.5_L.5_AVR_1H_STOCK_RESULTS,"[2024-01-08T19:00:00+00:00, 2024-01-09T16:00:00+00:00, 2024-01-09T20:00:00+00:00, 2024-01-11T16:00:00+00:00, 2024-01-12T16:00:00+00:00, 2024-01-16T16:00:00+00:00, 2024-01-16T18:00:00+00:00, 2024-01-16T20:00:00+00:00, 2024-01-17T19:00:00+00:00]","[2024-01-08T20:00:00+00:00, 2024-01-09T18:00:00+00:00, 2024-01-10T20:00:00+00:00, 2024-01-11T19:00:00+00:00, 2024-01-12T17:00:00+00:00, 2024-01-16T17:00:00+00:00, 2024-01-16T19:00:00+00:00, 2024-01-16T21:00:00+00:00, 2024-01-17T21:00:00+00:00]","[1.0, 2.0, 7.0, 3.0, 1.0, 1.0, 1.0, 1.0, 2.0]","[0.38000000000000966, 0.394999999999996, 0.3649999999999949, 0.12000000000000455, 0.03999999999999204, 0.13000000000000966, 0.10000000000000853, 0.23000000000000398, 0.28999999999999204]","[0.5045140732873205, 0.5270883373365306, 0.48485653560041825, 0.15936254980080286, 0.05307151386492243, 0.1723909295849485, 0.13246787653995037, 0.3047568570292884, 0.3840550920407787]",2024-01-30 17:51:15
NFJ,ALGO_RSI_EMA_ADX_CGPT,14,12,2,0.8223,0.0346,3.7857,0.2775,0.3009471728131423,0.8571428571428571,2024-01-26 21:00:00+00:00,9,RSI_EMA_ADX_CGPT_P.5_L.5_AVR_1H_STOCK_RESULTS,"[2024-01-09T16:00:00+00:00, 2024-01-11T15:00:00+00:00, 2024-01-11T21:00:00+00:00, 2024-01-12T17:00:00+00:00, 2024-01-12T20:00:00+00:00, 2024-01-17T15:00:00+00:00, 2024-01-17T19:00:00+00:00, 2024-01-18T17:00:00+00:00, 2024-01-18T20:00:00+00:00, 2024-01-19T21:00:00+00:00, 2024-01-22T17:00:00+00:00, 2024-01-24T17:00:00+00:00, 2024-01-24T19:00:00+00:00, 2024-01-26T15:00:00+00:00]","[2024-01-09T17:00:00+00:00, 2024-01-11T20:00:00+00:00, 2024-01-12T16:00:00+00:00, 2024-01-12T19:00:00+00:00, 2024-01-12T21:00:00+00:00, 2024-01-17T16:00:00+00:00, 2024-01-17T20:00:00+00:00, 2024-01-18T19:00:00+00:00, 2024-01-19T20:00:00+00:00, 2024-01-22T16:00:00+00:00, 2024-01-24T16:00:00+00:00, 2024-01-24T18:00:00+00:00, 2024-01-25T21:00:00+00:00, 2024-01-26T21:00:00+00:00]","[1.0, 5.0, 2.0, 2.0, 1.0, 1.0, 1.0, 2.0, 7.0, 2.0, 13.0, 1.0, 9.0, 6.0]","[0.08099999999999952, 0.08299999999999841, -0.03500000000000014, 0.03999999999999915, 0.03500000000000014, 0.05000000000000071, 0.04499999999999993, 0.009999999999999787, 0.025000000000000355, 0.06500000000000128, 0.03500000000000014, 0.02999999999999936, -0.0600000000000005, 0.08000000000000007]","[0.6488305030438923, 0.6680080482897256, -0.2798880447820883, 0.32076984763431554, 0.28011204481792834, 0.399042298483645, 0.35999999999999943, 0.07980845969672616, 0.1998401278976847, 0.5235602094240941, 0.28112449799196904, 0.24086712163789128, -0.48212133386902767, 0.6451612903225812]",2024-01-30 18:28:01
BTZ,ALGO_RSI_EMA_ADX_CGPT,7,6,1,0.7622,0.0280,3.1429,0.2649,0.1934235976789127,0.8571428571428571,2024-01-24 16:00:00+00:00,11,RSI_EMA_ADX_CGPT_P.5_L.5_AVR_1H_STOCK_RESULTS,"[2023-12-22T17:00:00+00:00, 2023-12-26T15:00:00+00:00, 2024-01-02T15:00:00+00:00, 2024-01-02T20:00:00+00:00, 2024-01-03T16:00:00+00:00, 2024-01-17T20:00:00+00:00, 2024-01-23T15:00:00+00:00]","[2023-12-22T21:00:00+00:00, 2023-12-26T16:00:00+00:00, 2024-01-02T17:00:00+00:00, 2024-01-03T15:00:00+00:00, 2024-01-03T18:00:00+00:00, 2024-01-18T16:00:00+00:00, 2024-01-24T16:00:00+00:00]","[4.0, 1.0, 2.0, 2.0, 2.0, 3.0, 8.0]","[-0.03200000000000003, 0.017999999999998906, 0.015000000000000568, 0.019999999999999574, 0.02999999999999936, 0.08999999999999986, 0.05500000000000149]","[-0.3115264797507791, 0.1745877788554695, 0.1450676982591931, 0.1934235976789127, 0.29013539651836906, 0.8466603951081829, 0.5161895823557157]",2024-01-30 17:58:15
IJAN,ALGO_RSI_EMA_ADX_CGPT,7,6,1,1.0566,0.0789,5.0000,0.2640,0.2670226969292333,0.8571428571428571,2024-01-18 21:00:00+00:00,17,RSI_EMA_ADX_CGPT_P.5_L.5_AVR_1H_STOCK_RESULTS,"[2024-01-04T19:00:00+00:00, 2024-01-05T18:00:00+00:00, 2024-01-09T16:00:00+00:00, 2024-01-11T16:00:00+00:00, 2024-01-16T16:00:00+00:00, 2024-01-17T15:00:00+00:00, 2024-01-18T17:00:00+00:00]","[2024-01-05T16:00:00+00:00, 2024-01-08T15:00:00+00:00, 2024-01-10T16:00:00+00:00, 2024-01-11T19:00:00+00:00, 2024-01-16T21:00:00+00:00, 2024-01-18T16:00:00+00:00, 2024-01-18T21:00:00+00:00]","[4.0, 4.0, 7.0, 3.0, 5.0, 8.0, 4.0]","[0.14499999999999957, 0.0799999999999983, 0.06500000000000128, 0.0519999999999996, -0.07000000000000028, 0.14999999999999858, 0.13000000000000256]","[0.48277010154819233, 0.2670226969292333, 0.21637816245007085, 0.17292983039574195, -0.23310023310023406, 0.5055611729019164, 0.4363880496811096]",2024-01-30 18:19:13
JPUS,ALGO_RSI_EMA_ADX_CGPT,13,12,1,0.6102,0.2676,4.2308,0.2632,0.31828931809222827,0.9230769230769231,2024-01-25 15:00:00+00:00,10,RSI_EMA_ADX_CGPT_P.5_L.5_AVR_1H_STOCK_RESULTS,"[2023-12-20T21:00:00+00:00, 2023-12-21T17:00:00+00:00, 2023-12-29T17:00:00+00:00, 2024-01-03T16:00:00+00:00, 2024-01-05T17:00:00+00:00, 2024-01-09T16:00:00+00:00, 2024-01-10T17:00:00+00:00, 2024-01-11T16:00:00+00:00, 2024-01-12T18:00:00+00:00, 2024-01-16T16:00:00+00:00, 2024-01-17T20:00:00+00:00, 2024-01-19T15:00:00+00:00, 2024-01-24T20:00:00+00:00]","[2023-12-21T16:00:00+00:00, 2023-12-21T21:00:00+00:00, 2023-12-29T20:00:00+00:00, 2024-01-05T16:00:00+00:00, 2024-01-08T18:00:00+00:00, 2024-01-09T17:00:00+00:00, 2024-01-10T21:00:00+00:00, 2024-01-11T21:00:00+00:00, 2024-01-12T19:00:00+00:00, 2024-01-17T19:00:00+00:00, 2024-01-18T21:00:00+00:00, 2024-01-19T18:00:00+00:00, 2024-01-25T15:00:00+00:00]","[2.0, 4.0, 2.0, 11.0, 8.0, 1.0, 3.0, 5.0, 1.0, 8.0, 6.0, 2.0, 2.0]","[0.6099999999999994, 0.5699999999999932, 0.3089999999999975, 0.17300000000000182, 0.570999999999998, 0.32800000000000296, 0.1869999999999976, 0.5999999999999943, 0.0309999999999917, -1.0189999999999912, 0.20000000000000284, 0.3229999999999933, 0.5959999999999894]","[0.6043792727633007, 0.5630741874938192, 0.3014634146341439, 0.16908236167987903, 0.5602488250473395, 0.32030624401867436, 0.18247640980103008, 0.5890437855880565, 0.0302323993797401, -0.998823760047041, 0.19803940984256146, 0.31828931809222827, 0.5832844000782827]",2024-01-30 18:21:53
BBLU,ALGO_RSI_EMA_ADX_CGPT,8,7,1,0.7983,0.0265,5.7500,0.2568,0.21810576074453245,0.875,2024-01-18 20:00:00+00:00,17,RSI_EMA_ADX_CGPT_P.5_L.5_AVR_1H_STOCK_RESULTS,"[2023-12-21T15:00:00+00:00, 2023-12-22T20:00:00+00:00, 2023-12-29T16:00:00+00:00, 2024-01-02T16:00:00+00:00, 2024-01-04T18:00:00+00:00, 2024-01-05T17:00:00+00:00, 2024-01-17T19:00:00+00:00, 2024-01-18T18:00:00+00:00]","[2023-12-22T16:00:00+00:00, 2023-12-26T15:00:00+00:00, 2024-01-02T15:00:00+00:00, 2024-01-04T17:00:00+00:00, 2024-01-05T15:00:00+00:00, 2024-01-08T15:00:00+00:00, 2024-01-18T16:00:00+00:00, 2024-01-18T20:00:00+00:00]","[8.0, 2.0, 6.0, 15.0, 4.0, 5.0, 4.0, 2.0]","[0.08199999999999896, 0.015000000000000568, -0.03500000000000014, 0.014999999999998792, 0.019999999999999574, 0.025000000000000355, 0.040000000000000924, 0.049999999999998934]","[0.7985975847292458, 0.14520813165537821, -0.3380009657170463, 0.14513788098692587, 0.19361084220715946, 0.24260067928190543, 0.38610038610039504, 0.4812319538017222]",2024-01-30 17:55:24
USA,ALGO_RSI_EMA_ADX_CGPT,9,8,1,0.8146,0.0162,3.2222,0.2561,0.2536059597400541,0.8888888888888888,2024-01-25 18:00:00+00:00,10,RSI_EMA_ADX_CGPT_P.5_L.5_AVR_1H_STOCK_RESULTS,"[2024-01-03T19:00:00+00:00, 2024-01-04T18:00:00+00:00, 2024-01-05T17:00:00+00:00, 2024-01-05T20:00:00+00:00, 2024-01-22T19:00:00+00:00, 2024-01-23T16:00:00+00:00, 2024-01-24T15:00:00+00:00, 2024-01-24T21:00:00+00:00, 2024-01-25T17:00:00+00:00]","[2024-01-04T17:00:00+00:00, 2024-01-05T16:00:00+00:00, 2024-01-05T19:00:00+00:00, 2024-01-05T21:00:00+00:00, 2024-01-23T15:00:00+00:00, 2024-01-23T21:00:00+00:00, 2024-01-24T20:00:00+00:00, 2024-01-25T16:00:00+00:00, 2024-01-25T18:00:00+00:00]","[5.0, 5.0, 2.0, 1.0, 3.0, 5.0, 5.0, 2.0, 1.0]","[0.017000000000000348, 0.04600000000000026, 0.016000000000000014, 0.01100000000000012, 0.015000000000000568, 0.040000000000000036, -0.02400000000000002, 0.004999999999999893, 0.019999999999999574]","[0.2702702702702758, 0.7317849188673284, 0.2536059597400541, 0.17435409732128895, 0.23346303501946408, 0.6250000000000006, -0.37151702786377744, 0.0775795190069805, 0.3100775193798383]",2024-01-30 18:45:22
GFL,ALGO_RSI_EMA_ADX_CGPT,14,12,2,0.8344,0.0799,1.8571,0.2398,0.24708810769600248,0.8571428571428571,2024-01-29 21:00:00+00:00,6,RSI_EMA_ADX_CGPT_P.5_L.5_AVR_1H_STOCK_RESULTS,"[2024-01-11T21:00:00+00:00, 2024-01-12T16:00:00+00:00, 2024-01-12T20:00:00+00:00, 2024-01-16T17:00:00+00:00, 2024-01-16T21:00:00+00:00, 2024-01-19T18:00:00+00:00, 2024-01-24T16:00:00+00:00, 2024-01-24T20:00:00+00:00, 2024-01-25T16:00:00+00:00, 2024-01-25T18:00:00+00:00, 2024-01-26T15:00:00+00:00, 2024-01-26T18:00:00+00:00, 2024-01-29T16:00:00+00:00, 2024-01-29T18:00:00+00:00]","[2024-01-12T15:00:00+00:00, 2024-01-12T19:00:00+00:00, 2024-01-16T15:00:00+00:00, 2024-01-16T20:00:00+00:00, 2024-01-17T16:00:00+00:00, 2024-01-19T19:00:00+00:00, 2024-01-24T17:00:00+00:00, 2024-01-25T15:00:00+00:00, 2024-01-25T17:00:00+00:00, 2024-01-25T21:00:00+00:00, 2024-01-26T16:00:00+00:00, 2024-01-26T20:00:00+00:00, 2024-01-29T17:00:00+00:00, 2024-01-29T21:00:00+00:00]","[1.0, 3.0, 2.0, 3.0, 2.0, 1.0, 1.0, 2.0, 1.0, 3.0, 1.0, 2.0, 1.0, 3.0]","[0.054999999999999716, 0.11999999999999744, 0.09300000000000352, -0.10000000000000142, -0.0799999999999983, 0.134999999999998, 0.020000000000003126, 0.2049999999999983, 0.04999999999999716, 0.14999999999999858, 0.07000000000000028, 0.030000000000001137, 0.17999999999999972, 0.18999999999999773]","[0.1682214405872449, 0.36855036855036066, 0.28512738755864586, -0.3063725490196122, -0.2453235203925124, 0.40878122634367303, 0.060024009603850924, 0.6121230217975464, 0.14943215780035016, 0.4507211538461496, 0.20904882783335907, 0.08984725965858381, 0.5384385282680219, 0.5690326445043358]",2024-01-30 18:13:43
ESGRO,ALGO_RSI_EMA_ADX_CGPT,9,8,1,0.9972,0.0584,2.2222,0.2347,0.22657054582904107,0.8888888888888888,2024-01-25 17:00:00+00:00,10,RSI_EMA_ADX_CGPT_P.5_L.5_AVR_1H_STOCK_RESULTS,"[2023-12-26T16:00:00+00:00, 2024-01-05T18:00:00+00:00, 2024-01-09T21:00:00+00:00, 2024-01-10T20:00:00+00:00, 2024-01-17T21:00:00+00:00, 2024-01-18T19:00:00+00:00, 2024-01-23T17:00:00+00:00, 2024-01-24T16:00:00+00:00, 2024-01-24T21:00:00+00:00]","[2023-12-26T17:00:00+00:00, 2024-01-05T19:00:00+00:00, 2024-01-10T18:00:00+00:00, 2024-01-12T15:00:00+00:00, 2024-01-18T18:00:00+00:00, 2024-01-19T20:00:00+00:00, 2024-01-23T20:00:00+00:00, 2024-01-24T20:00:00+00:00, 2024-01-25T17:00:00+00:00]","[1.0, 1.0, 1.0, 6.0, 2.0, 5.0, 1.0, 2.0, 1.0]","[0.054999999999999716, 0.005000000000002558, 0.08999999999999986, 0.06700000000000017, -0.019999999999999574, 0.1650000000000027, 0.04800000000000182, 0.11299999999999955, 0.0030000000000001137]","[0.22657054582904107, 0.020024028834611768, 0.36144578313252956, 0.26821457165732654, -0.07993605115907104, 0.6611901422560718, 0.19062748212868078, 0.4518192722910817, 0.011941249054651569]",2024-01-30 18:08:39
FXB,ALGO_RSI_EMA_ADX_CGPT,15,14,1,0.7994,0.2517,4.6667,0.2066,0.14684287812041671,0.9333333333333333,2024-01-29 21:00:00+00:00,6,RSI_EMA_ADX_CGPT_P.5_L.5_AVR_1H_STOCK_RESULTS,"[2023-12-18T21:00:00+00:00, 2023-12-20T16:00:00+00:00, 2023-12-28T20:00:00+00:00, 2024-01-02T16:00:00+00:00, 2024-01-04T18:00:00+00:00, 2024-01-05T15:00:00+00:00, 2024-01-09T16:00:00+00:00, 2024-01-11T16:00:00+00:00, 2024-01-16T16:00:00+00:00, 2024-01-18T16:00:00+00:00, 2024-01-19T16:00:00+00:00, 2024-01-23T16:00:00+00:00, 2024-01-25T17:00:00+00:00, 2024-01-26T21:00:00+00:00, 2024-01-29T17:00:00+00:00, 2024-01-30T16:00:00+00:00]","[2023-12-19T16:00:00+00:00, 2023-12-21T20:00:00+00:00, 2023-12-29T15:00:00+00:00, 2024-01-04T16:00:00+00:00, 2024-01-04T21:00:00+00:00, 2024-01-05T16:00:00+00:00, 2024-01-10T16:00:00+00:00, 2024-01-11T18:00:00+00:00, 2024-01-18T15:00:00+00:00, 2024-01-18T19:00:00+00:00, 2024-01-19T20:00:00+00:00, 2024-01-24T16:00:00+00:00, 2024-01-25T21:00:00+00:00, 2024-01-29T15:00:00+00:00, 2024-01-29T21:00:00+00:00]","[2.0, 9.0, 2.0, 14.0, 3.0, 1.0, 6.0, 2.0, 12.0, 3.0, 2.0, 6.0, 3.0, 1.0, 4.0]","[0.7919999999999874, 0.12099999999999511, 0.18000000000000682, 0.730000000000004, 0.03999999999999204, 0.01999999999999602, 0.4399999999999977, 0.18999999999999773, 0.13000000000000966, 0.1909999999999883, 0.1700000000000017, 0.730000000000004, 0.12999999999999545, -0.33899999999999864, 0.25]","[0.6502996961983638, 0.09921367016783927, 0.14684287812041671, 0.6017640755090297, 0.03282185935832612, 0.01632519794302181, 0.3605670736704071, 0.15555919436711785, 0.10673234811166639, 0.15668580803936694, 0.1393328415703645, 0.598507829794215, 0.10640039286298532, -0.2771645818003423, 0.20473343706494143]",2024-01-30 18:13:04
XSEP,ALGO_RSI_EMA_ADX_CGPT,7,7,0,1.0852,0.0693,4.8571,0.1938,0.15715328057472466,1.0,2024-01-18 21:00:00+00:00,17,RSI_EMA_ADX_CGPT_P.5_L.5_AVR_1H_STOCK_RESULTS,"[2023-12-20T21:00:00+00:00, 2023-12-21T19:00:00+00:00, 2024-01-02T16:00:00+00:00, 2024-01-05T20:00:00+00:00, 2024-01-11T17:00:00+00:00, 2024-01-17T17:00:00+00:00, 2024-01-18T20:00:00+00:00]","[2023-12-21T18:00:00+00:00, 2023-12-21T21:00:00+00:00, 2024-01-05T16:00:00+00:00, 2024-01-08T19:00:00+00:00, 2024-01-11T20:00:00+00:00, 2024-01-18T16:00:00+00:00, 2024-01-18T21:00:00+00:00]","[2.0, 2.0, 19.0, 3.0, 1.0, 6.0, 1.0]","[0.055999999999997385, 0.09000000000000341, 0.012000000000000455, 0.19600000000000506, 0.0379999999999967, 0.08300000000000551, 0.00999999999999801]","[0.15715328057472466, 0.25245441795232376, 0.03351206434316481, 0.5491734379378119, 0.10572589171441962, 0.23115270003065008, 0.027777777777772253]",2024-01-30 18:50:12
AEL,ALGO_RSI_EMA_ADX_CGPT,9,8,1,0.8084,0.0878,2.8889,0.1585,0.1260806916426518,0.8888888888888888,2024-01-26 18:00:00+00:00,9,RSI_EMA_ADX_CGPT_P.5_L.5_AVR_1H_STOCK_RESULTS,"[2023-12-12T17:00:00+00:00, 2023-12-12T21:00:00+00:00, 2023-12-13T19:00:00+00:00, 2023-12-15T21:00:00+00:00, 2024-01-23T18:00:00+00:00, 2024-01-23T21:00:00+00:00, 2024-01-24T21:00:00+00:00, 2024-01-25T17:00:00+00:00, 2024-01-26T17:00:00+00:00, 2024-01-26T21:00:00+00:00]","[2023-12-12T20:00:00+00:00, 2023-12-13T17:00:00+00:00, 2023-12-13T20:00:00+00:00, 2023-12-18T16:00:00+00:00, 2024-01-23T20:00:00+00:00, 2024-01-24T20:00:00+00:00, 2024-01-25T16:00:00+00:00, 2024-01-26T16:00:00+00:00, 2024-01-26T18:00:00+00:00]","[3.0, 3.0, 1.0, 2.0, 2.0, 6.0, 2.0, 6.0, 1.0]","[-0.005000000000002558, 0.10499999999999687, 0.3500000000000014, 0.030000000000001137, 0.10000000000000142, 0.07000000000000028, 0.060000000000002274, 0.00999999999999801, 0.07000000000000028]","[-0.009035872413486143, 0.1898905868523318, 0.6329113924050659, 0.05407354001442167, 0.18027762754642404, 0.12619433928249554, 0.108166576527857, 0.01801152737751803, 0.1260806916426518]",2024-01-30 17:50:54
STPZ,ALGO_RSI_EMA_ADX_CGPT,8,8,0,1.1559,0.0536,10.5000,0.1051,0.0860335780999397,1.0,2024-01-25 16:00:00+00:00,10,RSI_EMA_ADX_CGPT_P.5_L.5_AVR_1H_STOCK_RESULTS,"[2023-12-12T20:00:00+00:00, 2023-12-29T19:00:00+00:00, 2024-01-04T16:00:00+00:00, 2024-01-05T17:00:00+00:00, 2024-01-08T19:00:00+00:00, 2024-01-10T18:00:00+00:00, 2024-01-17T16:00:00+00:00, 2024-01-23T15:00:00+00:00]","[2023-12-13T16:00:00+00:00, 2024-01-03T20:00:00+00:00, 2024-01-05T16:00:00+00:00, 2024-01-08T17:00:00+00:00, 2024-01-10T16:00:00+00:00, 2024-01-11T16:00:00+00:00, 2024-01-22T16:00:00+00:00, 2024-01-25T16:00:00+00:00]","[3.0, 15.0, 7.0, 7.0, 11.0, 5.0, 21.0, 15.0]","[0.06499999999999773, 0.010000000000005116, 0.030000000000001137, 0.030000000000001137, 0.01999999999999602, 0.1460000000000008, 0.05799999999999983, 0.07000000000000028]","[0.12866191607283792, 0.01954079140206178, 0.0586969281940934, 0.05870841487280066, 0.0391389432485245, 0.285971716222041, 0.11335874132707872, 0.13685239491691162]",2024-01-30 18:41:19
KRUS,ALGO_RSI_EMA_ADX_CGPT,11,10,1,0.6735,2.0227,2.5455,2.6175,0.9266539368752137,0.9090909090909091,2024-01-26 16:00:00+00:00,9,RSI_EMA_ADX_CGPT_P1.5_L1.5_AVR_1H_STOCK_RESULTS,"[2023-12-13T18:00:00+00:00, 2024-01-04T20:00:00+00:00, 2024-01-11T16:00:00+00:00, 2024-01-11T20:00:00+00:00, 2024-01-12T20:00:00+00:00, 2024-01-16T17:00:00+00:00, 2024-01-17T17:00:00+00:00, 2024-01-18T18:00:00+00:00, 2024-01-19T17:00:00+00:00, 2024-01-24T19:00:00+00:00, 2024-01-26T15:00:00+00:00]","[2023-12-13T20:00:00+00:00, 2024-01-05T15:00:00+00:00, 2024-01-11T18:00:00+00:00, 2024-01-12T15:00:00+00:00, 2024-01-16T15:00:00+00:00, 2024-01-17T16:00:00+00:00, 2024-01-17T21:00:00+00:00, 2024-01-19T16:00:00+00:00, 2024-01-19T18:00:00+00:00, 2024-01-24T20:00:00+00:00, 2024-01-26T16:00:00+00:00]","[2.0, 2.0, 2.0, 2.0, 2.0, 6.0, 4.0, 5.0, 1.0, 1.0, 1.0]","[3.2049999999999983, 9.99300000000001, 0.2599999999999909, 4.030000000000001, 0.37000000000000455, -1.1400000000000006, 2.1170000000000044, 0.8250000000000028, 1.5700000000000074, 0.46999999999999886, 0.5499999999999972]","[5.185245105969905, 13.420628525382769, 0.28789724283024126, 4.527072567962257, 0.418599389071167, -1.2744550027948582, 2.397970164131265, 0.9266539368752137, 1.7820658342792366, 0.5209199224161806, 0.599749195790848]",2024-01-30 06:41:32
TAL,ALGO_RSI_EMA_ADX_CGPT,7,6,1,0.8219,0.2621,5.5714,2.2248,2.2317596566523585,0.8571428571428571,2024-01-11 16:00:00+00:00,24,RSI_EMA_ADX_CGPT_P1.5_L1.5_AVR_1H_STOCK_RESULTS,"[2023-12-26T16:00:00+00:00, 2023-12-27T17:00:00+00:00, 2023-12-28T17:00:00+00:00, 2024-01-02T16:00:00+00:00, 2024-01-09T15:00:00+00:00, 2024-01-09T18:00:00+00:00, 2024-01-10T18:00:00+00:00]","[2023-12-27T16:00:00+00:00, 2023-12-28T16:00:00+00:00, 2023-12-29T16:00:00+00:00, 2024-01-03T16:00:00+00:00, 2024-01-09T17:00:00+00:00, 2024-01-10T17:00:00+00:00, 2024-01-11T16:00:00+00:00]","[7.0, 6.0, 6.0, 7.0, 2.0, 6.0, 5.0]","[0.05000000000000071, 0.10999999999999943, 0.8650000000000002, 0.45500000000000007, 0.32500000000000107, -0.23000000000000043, 0.2599999999999998]","[0.4191114836546581, 0.9220452640402299, 7.284210526315792, 3.86411889596603, 2.7671349510430066, -1.9150707743547082, 2.2317596566523585]",2024-01-30 07:01:19
DELL,ALGO_RSI_EMA_ADX_CGPT,9,8,1,1.3594,1.4693,4.3333,1.9217,1.7375518672199028,0.8888888888888888,2024-01-26 16:00:00+00:00,9,RSI_EMA_ADX_CGPT_P1.5_L1.5_AVR_1H_STOCK_RESULTS,"[2023-12-20T21:00:00+00:00, 2024-01-02T15:00:00+00:00, 2024-01-04T20:00:00+00:00, 2024-01-09T21:00:00+00:00, 2024-01-11T17:00:00+00:00, 2024-01-16T18:00:00+00:00, 2024-01-17T16:00:00+00:00, 2024-01-18T18:00:00+00:00, 2024-01-26T15:00:00+00:00, 2024-01-29T20:00:00+00:00]","[2023-12-21T16:00:00+00:00, 2024-01-03T16:00:00+00:00, 2024-01-08T16:00:00+00:00, 2024-01-10T16:00:00+00:00, 2024-01-11T18:00:00+00:00, 2024-01-16T20:00:00+00:00, 2024-01-18T17:00:00+00:00, 2024-01-19T16:00:00+00:00, 2024-01-26T16:00:00+00:00]","[2.0, 8.0, 10.0, 2.0, 1.0, 2.0, 8.0, 5.0, 1.0]","[2.286999999999992, 1.3599999999999994, 2.6299999999999955, 1.3399999999999892, 0.539999999999992, -0.06799999999999784, 0.8109999999999928, 3.5039999999999907, 0.8200000000000074]","[3.1579674123170283, 1.8109187749667104, 3.450537916557328, 1.7375518672199028, 0.6949806949806847, -0.0865470281277814, 1.0471677405193136, 4.498940745971613, 0.9840393615744718]",2024-01-30 06:24:03
PCVX,ALGO_RSI_EMA_ADX_CGPT,8,7,1,0.9359,0.8450,2.6250,1.3856,1.6939932809635554,0.875,2024-01-26 21:00:00+00:00,9,RSI_EMA_ADX_CGPT_P1.5_L1.5_AVR_1H_STOCK_RESULTS,"[2023-12-12T18:00:00+00:00, 2023-12-13T19:00:00+00:00, 2023-12-20T21:00:00+00:00, 2024-01-18T16:00:00+00:00, 2024-01-24T21:00:00+00:00, 2024-01-25T18:00:00+00:00, 2024-01-25T21:00:00+00:00, 2024-01-26T20:00:00+00:00]","[2023-12-12T19:00:00+00:00, 2023-12-13T20:00:00+00:00, 2023-12-22T16:00:00+00:00, 2024-01-18T19:00:00+00:00, 2024-01-25T16:00:00+00:00, 2024-01-25T20:00:00+00:00, 2024-01-26T16:00:00+00:00, 2024-01-26T21:00:00+00:00]","[1.0, 1.0, 9.0, 3.0, 2.0, 2.0, 2.0, 1.0]","[0.5150000000000006, 1.3000000000000043, 1.2100000000000009, -1.0050000000000026, 1.7000000000000028, 0.13000000000000256, 2.0500000000000043, 0.8599999999999994]","[0.9115850960261981, 2.3049645390071, 2.0325886107844795, -1.647405950331944, 2.6890224612464455, 0.20517676767677173, 3.2334384858044234, 1.355397951142631]",2024-01-30 06:49:49
SWAV,ALGO_RSI_EMA_ADX_CGPT,15,13,2,0.7728,2.2378,2.4667,1.0995,0.4723665564478065,0.8666666666666667,2024-01-29 20:00:00+00:00,6,RSI_EMA_ADX_CGPT_P1.5_L1.5_AVR_1H_STOCK_RESULTS,"[2023-12-20T21:00:00+00:00, 2023-12-21T17:00:00+00:00, 2023-12-22T16:00:00+00:00, 2023-12-27T16:00:00+00:00, 2023-12-27T20:00:00+00:00, 2023-12-28T15:00:00+00:00, 2023-12-28T19:00:00+00:00, 2023-12-29T16:00:00+00:00, 2024-01-02T15:00:00+00:00, 2024-01-03T16:00:00+00:00, 2024-01-17T17:00:00+00:00, 2024-01-19T19:00:00+00:00, 2024-01-22T15:00:00+00:00, 2024-01-22T21:00:00+00:00, 2024-01-29T16:00:00+00:00]","[2023-12-21T16:00:00+00:00, 2023-12-21T20:00:00+00:00, 2023-12-22T19:00:00+00:00, 2023-12-27T19:00:00+00:00, 2023-12-27T21:00:00+00:00, 2023-12-28T16:00:00+00:00, 2023-12-28T20:00:00+00:00, 2023-12-29T21:00:00+00:00, 2024-01-02T16:00:00+00:00, 2024-01-04T16:00:00+00:00, 2024-01-17T18:00:00+00:00, 2024-01-19T21:00:00+00:00, 2024-01-22T16:00:00+00:00, 2024-01-23T16:00:00+00:00, 2024-01-29T20:00:00+00:00]","[2.0, 3.0, 3.0, 3.0, 1.0, 1.0, 1.0, 5.0, 1.0, 7.0, 1.0, 2.0, 1.0, 2.0, 4.0]","[2.4399999999999977, 0.625, 2.4000000000000057, -0.05700000000001637, 0.9000000000000057, 0.2599999999999909, 0.19400000000001683, 2.015000000000015, -0.18500000000000227, 6.814999999999998, 0.875, 1.5320000000000107, 0.585000000000008, 11.025000000000006, 4.143000000000001]","[1.2962864580566316, 0.3316881600594385, 1.276188450494526, -0.029856687898097745, 0.4723665564478065, 0.1356922916340436, 0.10166649198198137, 1.0687103874406718, -0.09591953129050773, 3.599820405144863, 0.408106154240806, 0.7099889701452469, 0.2651257647858635, 5.06756756756757, 1.8846638492996768]",2024-01-30 07:00:50
IHG,ALGO_RSI_EMA_ADX_CGPT,6,6,0,1.7116,0.9747,4.3333,1.0815,0.8159726449026972,1.0,2024-01-10 16:00:00+00:00,25,RSI_EMA_ADX_CGPT_P1.5_L1.5_AVR_1H_STOCK_RESULTS,"[2023-12-26T17:00:00+00:00, 2023-12-26T21:00:00+00:00, 2024-01-02T16:00:00+00:00, 2024-01-03T16:00:00+00:00, 2024-01-05T20:00:00+00:00, 2024-01-09T16:00:00+00:00]","[2023-12-26T19:00:00+00:00, 2023-12-27T16:00:00+00:00, 2024-01-02T21:00:00+00:00, 2024-01-04T16:00:00+00:00, 2024-01-08T16:00:00+00:00, 2024-01-10T16:00:00+00:00]","[2.0, 2.0, 5.0, 7.0, 3.0, 7.0]","[0.34499999999999886, 0.6599999999999966, 0.8100000000000023, 1.7620000000000005, 0.5460000000000065, 1.7250000000000085]","[0.3830992171450767, 0.7315451119485664, 0.9004001778568279, 1.9695953498770407, 0.6017191977077435, 1.9027134348113928]",2024-01-30 06:37:34
HTGC,ALGO_RSI_EMA_ADX_CGPT,7,7,0,1.2568,0.1763,3.0000,1.0538,0.8443908323281096,1.0,2024-01-25 16:00:00+00:00,10,RSI_EMA_ADX_CGPT_P1.5_L1.5_AVR_1H_STOCK_RESULTS,"[2024-01-02T16:00:00+00:00, 2024-01-02T19:00:00+00:00, 2024-01-03T16:00:00+00:00, 2024-01-03T21:00:00+00:00, 2024-01-18T20:00:00+00:00, 2024-01-19T21:00:00+00:00, 2024-01-24T20:00:00+00:00]","[2024-01-02T18:00:00+00:00, 2024-01-02T21:00:00+00:00, 2024-01-03T20:00:00+00:00, 2024-01-04T16:00:00+00:00, 2024-01-19T20:00:00+00:00, 2024-01-22T15:00:00+00:00, 2024-01-25T16:00:00+00:00]","[2.0, 2.0, 4.0, 2.0, 7.0, 1.0, 3.0]","[0.2049999999999983, 0.05000000000000071, 0.14000000000000057, 0.48499999999999943, 0.0799999999999983, 0.19500000000000028, 0.07900000000000063]","[1.2412957917045007, 0.299760191846527, 0.8443908323281096, 2.911164465786311, 0.47309284447071726, 1.148071828083605, 0.45903544450900996]",2024-01-30 06:35:33
TEVA,ALGO_RSI_EMA_ADX_CGPT,10,10,0,1.2541,0.0994,3.7000,0.9629,0.6653443129444252,1.0,2024-01-22 16:00:00+00:00,13,RSI_EMA_ADX_CGPT_P1.5_L1.5_AVR_1H_STOCK_RESULTS,"[2023-12-12T15:00:00+00:00, 2023-12-12T19:00:00+00:00, 2023-12-13T15:00:00+00:00, 2023-12-15T19:00:00+00:00, 2023-12-26T16:00:00+00:00, 2023-12-26T18:00:00+00:00, 2023-12-28T17:00:00+00:00, 2023-12-29T16:00:00+00:00, 2024-01-17T19:00:00+00:00, 2024-01-22T15:00:00+00:00]","[2023-12-12T18:00:00+00:00, 2023-12-12T21:00:00+00:00, 2023-12-13T16:00:00+00:00, 2023-12-18T16:00:00+00:00, 2023-12-26T17:00:00+00:00, 2023-12-26T19:00:00+00:00, 2023-12-29T15:00:00+00:00, 2024-01-02T16:00:00+00:00, 2024-01-19T17:00:00+00:00, 2024-01-22T16:00:00+00:00]","[3.0, 2.0, 1.0, 4.0, 1.0, 1.0, 5.0, 7.0, 12.0, 1.0]","[0.2049999999999983, 0.009999999999999787, 0.049999999999998934, 0.08000000000000007, 0.054999999999999716, 0.03500000000000014, 0.028999999999999915, 0.25, 0.120000000000001, 0.16000000000000014]","[2.1670190274841254, 0.10341261633919117, 0.5157297576070029, 0.8036162732295337, 0.5270723526593168, 0.3350885591191971, 0.2769554006303115, 2.3923444976076556, 1.0943912448700501, 1.413427561837457]",2024-01-30 07:02:03
AVIV,ALGO_RSI_EMA_ADX_CGPT,6,6,0,1.8914,0.4502,8.1667,0.8937,0.9491277458729354,1.0,2024-01-12 17:00:00+00:00,23,RSI_EMA_ADX_CGPT_P1.5_L1.5_AVR_1H_STOCK_RESULTS,"[2023-12-13T17:00:00+00:00, 2023-12-18T16:00:00+00:00, 2023-12-20T20:00:00+00:00, 2024-01-03T19:00:00+00:00, 2024-01-05T20:00:00+00:00, 2024-01-09T16:00:00+00:00]","[2023-12-13T20:00:00+00:00, 2023-12-19T16:00:00+00:00, 2023-12-21T16:00:00+00:00, 2024-01-05T16:00:00+00:00, 2024-01-08T17:00:00+00:00, 2024-01-12T17:00:00+00:00]","[3.0, 7.0, 3.0, 11.0, 4.0, 21.0]","[0.8200000000000003, 0.5050000000000026, 0.45000000000000284, 0.5750000000000028, 0.2709999999999937, 0.0799999999999983]","[1.6400000000000006, 1.0055754679410644, 0.8926800238048063, 1.1340104526180905, 0.5318000745697398, 0.15794669299111214]",2024-01-30 06:15:18
RNP,ALGO_RSI_EMA_ADX_CGPT,9,8,1,1.0061,0.1739,4.7778,0.8896,0.5101267740794944,0.8888888888888888,2024-01-22 16:00:00+00:00,13,RSI_EMA_ADX_CGPT_P1.5_L1.5_AVR_1H_STOCK_RESULTS,"[2023-12-12T17:00:00+00:00, 2023-12-12T19:00:00+00:00, 2023-12-15T19:00:00+00:00, 2023-12-21T17:00:00+00:00, 2023-12-22T18:00:00+00:00, 2023-12-29T19:00:00+00:00, 2024-01-04T15:00:00+00:00, 2024-01-04T18:00:00+00:00, 2024-01-17T21:00:00+00:00]","[2023-12-12T18:00:00+00:00, 2023-12-13T20:00:00+00:00, 2023-12-15T21:00:00+00:00, 2023-12-22T16:00:00+00:00, 2023-12-26T16:00:00+00:00, 2023-12-29T21:00:00+00:00, 2024-01-04T17:00:00+00:00, 2024-01-04T19:00:00+00:00, 2024-01-22T16:00:00+00:00]","[1.0, 8.0, 2.0, 6.0, 5.0, 2.0, 2.0, 1.0, 16.0]","[-0.004000000000001336, 0.46999999999999886, 0.09699999999999775, 0.16999999999999815, 0.10099999999999909, 0.0010000000000012221, 0.23000000000000043, 0.05000000000000071, 0.4499999999999993]","[-0.020779220779227718, 2.4530271398747328, 0.49608755689662837, 0.8577194752774883, 0.5101267740794944, 0.004977848573852467, 1.1575239053850046, 0.2485089463220711, 2.2994379151762865]",2024-01-30 06:54:51
FN,ALGO_RSI_EMA_ADX_CGPT,7,6,1,1.1932,1.6507,2.1429,0.8874,0.6242663536442301,0.8571428571428571,2024-01-18 16:00:00+00:00,17,RSI_EMA_ADX_CGPT_P1.5_L1.5_AVR_1H_STOCK_RESULTS,"[2024-01-09T16:00:00+00:00, 2024-01-10T15:00:00+00:00, 2024-01-10T21:00:00+00:00, 2024-01-11T16:00:00+00:00, 2024-01-12T17:00:00+00:00, 2024-01-12T20:00:00+00:00, 2024-01-17T16:00:00+00:00]","[2024-01-09T17:00:00+00:00, 2024-01-10T16:00:00+00:00, 2024-01-11T15:00:00+00:00, 2024-01-11T19:00:00+00:00, 2024-01-12T18:00:00+00:00, 2024-01-12T21:00:00+00:00, 2024-01-18T16:00:00+00:00]","[1.0, 1.0, 1.0, 3.0, 1.0, 1.0, 7.0]","[1.009999999999991, 2.1750000000000114, 0.3299999999999841, 3.430000000000007, -0.15000000000000568, 1.170000000000016, 3.5900000000000034]","[0.5402803038407997, 1.1467587588643195, 0.17793594306048963, 1.8584742089293491, -0.0798807114708732, 0.6242663536442301, 1.944008230898361]",2024-01-30 06:30:49
AZTA,ALGO_RSI_EMA_ADX_CGPT,9,8,1,0.7387,0.5267,4.3333,0.8541,0.6045574329561316,0.8888888888888888,2024-01-29 15:00:00+00:00,6,RSI_EMA_ADX_CGPT_P1.5_L1.5_AVR_1H_STOCK_RESULTS,"[2023-12-13T17:00:00+00:00, 2024-01-10T16:00:00+00:00, 2024-01-11T16:00:00+00:00, 2024-01-17T16:00:00+00:00, 2024-01-23T17:00:00+00:00, 2024-01-24T16:00:00+00:00, 2024-01-25T15:00:00+00:00, 2024-01-26T18:00:00+00:00, 2024-01-26T21:00:00+00:00]","[2023-12-13T20:00:00+00:00, 2024-01-10T19:00:00+00:00, 2024-01-12T16:00:00+00:00, 2024-01-18T16:00:00+00:00, 2024-01-23T20:00:00+00:00, 2024-01-24T21:00:00+00:00, 2024-01-26T16:00:00+00:00, 2024-01-26T20:00:00+00:00, 2024-01-29T15:00:00+00:00]","[3.0, 3.0, 7.0, 7.0, 3.0, 5.0, 8.0, 2.0, 1.0]","[1.8200000000000003, 0.7349999999999994, 1.2749999999999986, 0.39000000000000057, 0.18000000000000682, -0.730000000000004, 0.7199999999999989, 0.25, 0.09999999999999432]","[3.1395549422114892, 1.1506849315068486, 2.002198492462309, 0.6045574329561316, 0.27116601385960654, -1.1082435099438348, 1.0942249240121564, 0.38005472788081485, 0.15267175572518216]",2024-01-30 06:15:13
BLD,ALGO_RSI_EMA_ADX_CGPT,7,6,1,0.6982,2.8853,4.0000,0.7969,1.0037469573065712,0.8571428571428571,2024-01-29 15:00:00+00:00,6,RSI_EMA_ADX_CGPT_P1.5_L1.5_AVR_1H_STOCK_RESULTS,"[2024-01-16T18:00:00+00:00, 2024-01-17T16:00:00+00:00, 2024-01-17T21:00:00+00:00, 2024-01-23T16:00:00+00:00, 2024-01-24T20:00:00+00:00, 2024-01-25T19:00:00+00:00, 2024-01-26T18:00:00+00:00]","[2024-01-16T19:00:00+00:00, 2024-01-17T20:00:00+00:00, 2024-01-18T16:00:00+00:00, 2024-01-24T19:00:00+00:00, 2024-01-25T18:00:00+00:00, 2024-01-25T21:00:00+00:00, 2024-01-29T15:00:00+00:00]","[1.0, 4.0, 2.0, 10.0, 5.0, 2.0, 4.0]","[2.8799999999999955, 1.8999999999999773, 7.5, -6.286999999999978, 5.3940000000000055, 3.670000000000016, 5.139999999999986]","[0.7924715205547288, 0.5224660397074127, 2.05896886839071, -1.7017187711462927, 1.493000005535782, 1.0037469573065712, 1.4090298527920135]",2024-01-30 06:17:35
AZZ,ALGO_RSI_EMA_ADX_CGPT,6,6,0,2.6992,0.4480,1.6667,0.7884,0.8405202637358395,1.0,2024-01-19 18:00:00+00:00,16,RSI_EMA_ADX_CGPT_P1.5_L1.5_AVR_1H_STOCK_RESULTS,"[2024-01-08T18:00:00+00:00, 2024-01-09T16:00:00+00:00, 2024-01-11T18:00:00+00:00, 2024-01-17T16:00:00+00:00, 2024-01-18T18:00:00+00:00, 2024-01-19T17:00:00+00:00]","[2024-01-08T21:00:00+00:00, 2024-01-09T17:00:00+00:00, 2024-01-11T21:00:00+00:00, 2024-01-17T17:00:00+00:00, 2024-01-18T19:00:00+00:00, 2024-01-19T18:00:00+00:00]","[3.0, 1.0, 3.0, 1.0, 1.0, 1.0]","[0.6499999999999986, 0.46300000000000097, 0.490000000000002, 0.5600000000000023, 0.39000000000000057, 0.134999999999998]","[1.1520737327188915, 0.8204855573276644, 0.8605549701440148, 0.9817671809256702, 0.6812227074235818, 0.23417172593234695]",2024-01-30 06:15:26
EXTR,ALGO_RSI_EMA_ADX_CGPT,7,6,1,0.798,0.1343,5.0000,0.7762,1.0956470239857785,0.8571428571428571,2024-01-29 21:00:00+00:00,6,RSI_EMA_ADX_CGPT_P1.5_L1.5_AVR_1H_STOCK_RESULTS,"[2023-12-27T16:00:00+00:00, 2023-12-27T20:00:00+00:00, 2023-12-29T16:00:00+00:00, 2024-01-03T16:00:00+00:00, 2024-01-04T15:00:00+00:00, 2024-01-05T15:00:00+00:00, 2024-01-29T20:00:00+00:00]","[2023-12-27T19:00:00+00:00, 2023-12-28T15:00:00+00:00, 2024-01-02T17:00:00+00:00, 2024-01-03T21:00:00+00:00, 2024-01-04T21:00:00+00:00, 2024-01-08T18:00:00+00:00, 2024-01-29T21:00:00+00:00]","[3.0, 2.0, 8.0, 5.0, 6.0, 10.0, 1.0]","[0.20500000000000185, 0.1750000000000007, 0.2699999999999996, -0.2699999999999996, 0.17999999999999972, 0.19500000000000028, 0.18499999999999872]","[1.162790697674429, 0.9856378484933863, 1.5388999715018499, -1.5297450424929155, 1.0477299185098936, 1.1324041811846708, 1.0956470239857785]",2024-01-30 06:28:42
COLL,ALGO_RSI_EMA_ADX_CGPT,8,8,0,1.4841,0.2514,2.3750,0.7715,0.5743152962458186,1.0,2024-01-29 16:00:00+00:00,6,RSI_EMA_ADX_CGPT_P1.5_L1.5_AVR_1H_STOCK_RESULTS,"[2024-01-11T16:00:00+00:00, 2024-01-16T17:00:00+00:00, 2024-01-17T19:00:00+00:00, 2024-01-18T18:00:00+00:00, 2024-01-23T17:00:00+00:00, 2024-01-26T16:00:00+00:00, 2024-01-26T18:00:00+00:00, 2024-01-26T21:00:00+00:00]","[2024-01-11T18:00:00+00:00, 2024-01-17T16:00:00+00:00, 2024-01-17T20:00:00+00:00, 2024-01-18T20:00:00+00:00, 2024-01-23T21:00:00+00:00, 2024-01-26T17:00:00+00:00, 2024-01-26T19:00:00+00:00, 2024-01-29T16:00:00+00:00]","[2.0, 6.0, 1.0, 2.0, 4.0, 1.0, 1.0, 2.0]","[0.14999999999999858, 0.5049999999999955, 0.4409999999999954, 0.21999999999999886, 0.030000000000001137, 0.41499999999999915, 0.10999999999999943, 0.14000000000000057]","[0.46772684752104327, 1.564920979237668, 1.359893922106742, 0.6809037449705938, 0.09113001215067174, 1.2539658558694642, 0.33142512805061597, 0.42232277526395345]",2024-01-30 06:21:50
PFN,ALGO_RSI_EMA_ADX_CGPT,6,6,0,1.8239,0.0552,4.1667,0.7637,0.7274427889396531,1.0,2024-01-29 20:00:00+00:00,6,RSI_EMA_ADX_CGPT_P1.5_L1.5_AVR_1H_STOCK_RESULTS,"[2023-12-12T19:00:00+00:00, 2023-12-13T17:00:00+00:00, 2023-12-21T15:00:00+00:00, 2024-01-19T18:00:00+00:00, 2024-01-22T15:00:00+00:00, 2024-01-29T19:00:00+00:00, 2024-01-29T21:00:00+00:00]","[2023-12-13T16:00:00+00:00, 2023-12-13T20:00:00+00:00, 2023-12-21T16:00:00+00:00, 2024-01-19T19:00:00+00:00, 2024-01-24T16:00:00+00:00, 2024-01-29T20:00:00+00:00]","[4.0, 3.0, 1.0, 1.0, 15.0, 1.0]","[0.04999999999999982, 0.051000000000000156, 0.025000000000000355, 0.07499999999999929, 0.11000000000000032, 0.019999999999999574]","[0.7220216606498169, 0.7328639172294893, 0.3541076487252175, 1.0080645161290227, 1.497617426820971, 0.2673796791443793]",2024-01-30 06:50:34
CMC,ALGO_RSI_EMA_ADX_CGPT,9,9,0,1.7716,0.3628,3.5556,0.7481,0.6626506024096495,1.0,2024-01-29 17:00:00+00:00,6,RSI_EMA_ADX_CGPT_P1.5_L1.5_AVR_1H_STOCK_RESULTS,"[2023-12-12T15:00:00+00:00, 2023-12-12T17:00:00+00:00, 2024-01-09T20:00:00+00:00, 2024-01-12T18:00:00+00:00, 2024-01-12T21:00:00+00:00, 2024-01-16T16:00:00+00:00, 2024-01-18T16:00:00+00:00, 2024-01-19T16:00:00+00:00, 2024-01-29T16:00:00+00:00]","[2023-12-12T16:00:00+00:00, 2023-12-12T19:00:00+00:00, 2024-01-11T15:00:00+00:00, 2024-01-12T20:00:00+00:00, 2024-01-16T15:00:00+00:00, 2024-01-17T17:00:00+00:00, 2024-01-18T19:00:00+00:00, 2024-01-19T21:00:00+00:00, 2024-01-29T17:00:00+00:00]","[1.0, 2.0, 9.0, 2.0, 1.0, 8.0, 3.0, 5.0, 1.0]","[0.46000000000000085, 0.5399999999999991, 0.35999999999999943, 0.269999999999996, 0.16499999999999915, 0.07000000000000028, 0.3300000000000054, 0.7700000000000031, 0.30000000000000426]","[1.0032715376226844, 1.1816192560175034, 0.7230367543683459, 0.5401080216043128, 0.3295386458957442, 0.13986013986014045, 0.6626506024096495, 1.5675895765472379, 0.5849093390524551]",2024-01-30 06:21:21
JBGS,ALGO_RSI_EMA_ADX_CGPT,14,13,1,0.7076,0.1249,3.7857,0.7441,0.8291767512013783,0.9285714285714286,2024-01-19 18:00:00+00:00,16,RSI_EMA_ADX_CGPT_P1.5_L1.5_AVR_1H_STOCK_RESULTS,"[2023-12-26T16:00:00+00:00, 2023-12-27T16:00:00+00:00, 2023-12-29T16:00:00+00:00, 2023-12-29T21:00:00+00:00, 2024-01-02T20:00:00+00:00, 2024-01-03T16:00:00+00:00, 2024-01-03T21:00:00+00:00, 2024-01-04T17:00:00+00:00, 2024-01-05T17:00:00+00:00, 2024-01-05T20:00:00+00:00, 2024-01-09T16:00:00+00:00, 2024-01-11T16:00:00+00:00, 2024-01-16T16:00:00+00:00, 2024-01-17T17:00:00+00:00]","[2023-12-26T17:00:00+00:00, 2023-12-27T17:00:00+00:00, 2023-12-29T19:00:00+00:00, 2024-01-02T15:00:00+00:00, 2024-01-02T21:00:00+00:00, 2024-01-03T20:00:00+00:00, 2024-01-04T16:00:00+00:00, 2024-01-05T16:00:00+00:00, 2024-01-05T19:00:00+00:00, 2024-01-08T16:00:00+00:00, 2024-01-09T17:00:00+00:00, 2024-01-12T15:00:00+00:00, 2024-01-17T16:00:00+00:00, 2024-01-19T18:00:00+00:00]","[1.0, 1.0, 3.0, 1.0, 1.0, 4.0, 2.0, 6.0, 2.0, 3.0, 1.0, 6.0, 7.0, 15.0]","[0.0849999999999973, 0.14000000000000057, 0.07000000000000028, 0.16999999999999815, 0.03500000000000014, 0.129999999999999, 0.19500000000000028, 0.2049999999999983, 0.14000000000000057, 0.3100000000000023, 0.10900000000000176, 0.40500000000000114, -0.41000000000000014, 0.16499999999999915]","[0.4986799647990454, 0.8235294117647093, 0.4086398131932299, 0.9994121105232108, 0.20372526193248047, 0.7789095266626663, 1.1732851985559583, 1.2282804074295883, 0.8348240906380475, 1.844140392623452, 0.6415538552089569, 2.389380530973458, -2.413184226015304, 1.006711409395968]",2024-01-30 06:39:50
UGP,ALGO_RSI_EMA_ADX_CGPT,11,10,1,0.8103,0.0393,4.6364,0.7369,0.5565862708719899,0.9090909090909091,2024-01-23 17:00:00+00:00,12,RSI_EMA_ADX_CGPT_P1.5_L1.5_AVR_1H_STOCK_RESULTS,"[2023-12-12T16:00:00+00:00, 2023-12-13T17:00:00+00:00, 2023-12-15T16:00:00+00:00, 2023-12-20T21:00:00+00:00, 2023-12-28T21:00:00+00:00, 2023-12-29T16:00:00+00:00, 2024-01-04T18:00:00+00:00, 2024-01-11T17:00:00+00:00, 2024-01-18T20:00:00+00:00, 2024-01-19T19:00:00+00:00, 2024-01-22T17:00:00+00:00, 2024-01-29T16:00:00+00:00]","[2023-12-13T16:00:00+00:00, 2023-12-13T20:00:00+00:00, 2023-12-18T18:00:00+00:00, 2023-12-21T16:00:00+00:00, 2023-12-29T15:00:00+00:00, 2024-01-03T15:00:00+00:00, 2024-01-04T20:00:00+00:00, 2024-01-11T19:00:00+00:00, 2024-01-19T17:00:00+00:00, 2024-01-19T20:00:00+00:00, 2024-01-23T17:00:00+00:00]","[7.0, 3.0, 9.0, 2.0, 1.0, 13.0, 2.0, 2.0, 4.0, 1.0, 7.0]","[0.009999999999999787, 0.08999999999999986, 0.009999999999999787, 0.14500000000000046, -0.04999999999999982, 0.03000000000000025, 0.04999999999999982, 0.03000000000000025, 0.054999999999999716, 0.04499999999999993, 0.01699999999999946]","[0.19361084220715946, 1.7475728155339778, 0.19193857965450647, 2.7514231499051323, -0.9165902841429848, 0.5565862708719899, 0.9293680297397737, 0.5415162454873691, 0.9918845807033313, 0.8122743682310456, 0.306693126465803]",2024-01-30 07:04:15
DFEV,ALGO_RSI_EMA_ADX_CGPT,6,6,0,1.4778,0.1690,7.1667,0.6928,0.6022272489704632,1.0,2024-01-12 16:00:00+00:00,23,RSI_EMA_ADX_CGPT_P1.5_L1.5_AVR_1H_STOCK_RESULTS,"[2023-12-13T16:00:00+00:00, 2023-12-20T16:00:00+00:00, 2024-01-04T18:00:00+00:00, 2024-01-05T20:00:00+00:00, 2024-01-08T16:00:00+00:00, 2024-01-09T16:00:00+00:00]","[2023-12-13T20:00:00+00:00, 2023-12-21T16:00:00+00:00, 2024-01-05T16:00:00+00:00, 2024-01-05T21:00:00+00:00, 2024-01-08T21:00:00+00:00, 2024-01-12T16:00:00+00:00]","[4.0, 7.0, 5.0, 1.0, 5.0, 21.0]","[0.384999999999998, 0.125, 0.20599999999999952, 0.05000000000000071, 0.07800000000000296, 0.1700000000000017]","[1.604500937695345, 0.5111429155591903, 0.8314497901194685, 0.20128824476650847, 0.3148716292588526, 0.6933115823817362]",2024-01-30 06:24:07
USLM,ALGO_RSI_EMA_ADX_CGPT,8,7,1,0.6742,1.5050,3.3750,0.6904,0.7972078934283539,0.875,2024-01-18 17:00:00+00:00,17,RSI_EMA_ADX_CGPT_P1.5_L1.5_AVR_1H_STOCK_RESULTS,"[2024-01-04T21:00:00+00:00, 2024-01-08T15:00:00+00:00, 2024-01-09T15:00:00+00:00, 2024-01-10T21:00:00+00:00, 2024-01-12T16:00:00+00:00, 2024-01-12T18:00:00+00:00, 2024-01-16T18:00:00+00:00, 2024-01-17T20:00:00+00:00]","[2024-01-05T21:00:00+00:00, 2024-01-08T21:00:00+00:00, 2024-01-10T20:00:00+00:00, 2024-01-11T21:00:00+00:00, 2024-01-12T17:00:00+00:00, 2024-01-12T21:00:00+00:00, 2024-01-17T18:00:00+00:00, 2024-01-18T17:00:00+00:00]","[2.0, 5.0, 4.0, 4.0, 1.0, 2.0, 5.0, 4.0]","[-3.6899999999999977, 4.25, 3.3899999999999864, 1.200000000000017, 1.289999999999992, 1.4399999999999977, 2.1000000000000227, 2.0600000000000023]","[-1.6656886200514593, 1.950435979807251, 1.5611328574717873, 0.5430355688297661, 0.584212671527554, 0.6500248273371542, 0.955848884842978, 0.9443909595195535]",2024-01-30 07:05:11
BLCN,ALGO_RSI_EMA_ADX_CGPT,7,6,1,0.7269,0.1596,3.4286,0.6866,1.2457044673539481,0.8571428571428571,2024-01-11 20:00:00+00:00,24,RSI_EMA_ADX_CGPT_P1.5_L1.5_AVR_1H_STOCK_RESULTS,"[2024-01-03T20:00:00+00:00, 2024-01-05T15:00:00+00:00, 2024-01-08T18:00:00+00:00, 2024-01-09T21:00:00+00:00, 2024-01-10T17:00:00+00:00, 2024-01-10T21:00:00+00:00, 2024-01-11T17:00:00+00:00]","[2024-01-04T21:00:00+00:00, 2024-01-08T15:00:00+00:00, 2024-01-08T21:00:00+00:00, 2024-01-10T15:00:00+00:00, 2024-01-10T19:00:00+00:00, 2024-01-11T15:00:00+00:00, 2024-01-11T20:00:00+00:00]","[8.0, 7.0, 2.0, 1.0, 2.0, 1.0, 3.0]","[0.060000000000002274, 0.046999999999997044, 0.3000000000000007, -0.2799999999999976, 0.28999999999999915, 0.39000000000000057, 0.3100000000000023]","[0.25917926565875715, 0.20128479657386314, 1.276595744680854, -1.1894647408665997, 1.2457044673539481, 1.6788635385277682, 1.3339070567986329]",2024-01-30 06:17:22
GPK,ALGO_RSI_EMA_ADX_CGPT,14,13,1,0.8017,0.1619,4.2857,0.6581,0.6698679562091568,0.9285714285714286,2024-01-29 21:00:00+00:00,6,RSI_EMA_ADX_CGPT_P1.5_L1.5_AVR_1H_STOCK_RESULTS,"[2023-12-12T18:00:00+00:00, 2023-12-21T18:00:00+00:00, 2023-12-28T16:00:00+00:00, 2023-12-29T16:00:00+00:00, 2023-12-29T21:00:00+00:00, 2024-01-03T16:00:00+00:00, 2024-01-12T18:00:00+00:00, 2024-01-17T19:00:00+00:00, 2024-01-18T17:00:00+00:00, 2024-01-22T21:00:00+00:00, 2024-01-23T16:00:00+00:00, 2024-01-24T16:00:00+00:00, 2024-01-24T21:00:00+00:00, 2024-01-29T19:00:00+00:00]","[2023-12-13T16:00:00+00:00, 2023-12-22T16:00:00+00:00, 2023-12-28T17:00:00+00:00, 2023-12-29T20:00:00+00:00, 2024-01-02T16:00:00+00:00, 2024-01-03T18:00:00+00:00, 2024-01-17T16:00:00+00:00, 2024-01-18T16:00:00+00:00, 2024-01-22T16:00:00+00:00, 2024-01-23T15:00:00+00:00, 2024-01-23T20:00:00+00:00, 2024-01-24T19:00:00+00:00, 2024-01-25T16:00:00+00:00, 2024-01-29T21:00:00+00:00]","[5.0, 5.0, 1.0, 4.0, 2.0, 2.0, 12.0, 4.0, 13.0, 1.0, 4.0, 3.0, 2.0, 2.0]","[0.3500000000000014, 0.2900000000000027, 0.0799999999999983, 0.0400000000000027, 0.19500000000000028, 0.25, 0.15499999999999758, -0.4150000000000027, 0.4410000000000025, 0.14999999999999858, 0.021000000000000796, 0.18500000000000227, 0.384999999999998, 0.1390000000000029]","[1.5224010439321507, 1.1885245901639454, 0.3237555645487588, 0.16191054442421657, 0.7910750507099403, 1.0135819987837016, 0.6067723624975438, -1.6233131234109237, 1.761182108626208, 0.5919494869771057, 0.08290564547967152, 0.7329635499207698, 1.520837448153261, 0.5394706201971703]",2024-01-30 06:33:40
NTRS,ALGO_RSI_EMA_ADX_CGPT,10,9,1,0.7433,0.5390,4.9000,0.6547,0.5409439272349329,0.9,2024-01-18 15:00:00+00:00,17,RSI_EMA_ADX_CGPT_P1.5_L1.5_AVR_1H_STOCK_RESULTS,"[2023-12-12T18:00:00+00:00, 2023-12-13T18:00:00+00:00, 2023-12-21T17:00:00+00:00, 2023-12-22T16:00:00+00:00, 2023-12-27T16:00:00+00:00, 2023-12-29T16:00:00+00:00, 2024-01-02T20:00:00+00:00, 2024-01-03T16:00:00+00:00, 2024-01-04T16:00:00+00:00, 2024-01-17T16:00:00+00:00]","[2023-12-13T16:00:00+00:00, 2023-12-13T20:00:00+00:00, 2023-12-22T15:00:00+00:00, 2023-12-26T17:00:00+00:00, 2023-12-27T17:00:00+00:00, 2024-01-02T17:00:00+00:00, 2024-01-02T21:00:00+00:00, 2024-01-04T15:00:00+00:00, 2024-01-05T16:00:00+00:00, 2024-01-18T15:00:00+00:00]","[5.0, 2.0, 5.0, 8.0, 1.0, 8.0, 1.0, 6.0, 7.0, 6.0]","[0.013999999999995794, 2.039999999999992, 0.4099999999999966, 0.2750000000000057, 0.1290000000000049, 0.6969999999999885, 0.5, 0.5699999999999932, 1.3900000000000006, -0.6349999999999909]","[0.017393248934658278, 2.5401568920433224, 0.4892601431980867, 0.3276149630688655, 0.15344173377265036, 0.8258000308045786, 0.592627711271779, 0.689738625363012, 1.6763145200192964, -0.765752185709968]",2024-01-30 06:47:18
TFII,ALGO_RSI_EMA_ADX_CGPT,9,8,1,0.6083,0.8459,5.2222,0.6512,0.5452767749699114,0.8888888888888888,2024-01-26 20:00:00+00:00,9,RSI_EMA_ADX_CGPT_P1.5_L1.5_AVR_1H_STOCK_RESULTS,"[2023-12-12T15:00:00+00:00, 2023-12-12T18:00:00+00:00, 2023-12-18T21:00:00+00:00, 2024-01-11T16:00:00+00:00, 2024-01-16T18:00:00+00:00, 2024-01-17T16:00:00+00:00, 2024-01-24T21:00:00+00:00, 2024-01-25T19:00:00+00:00, 2024-01-26T17:00:00+00:00]","[2023-12-12T17:00:00+00:00, 2023-12-13T21:00:00+00:00, 2023-12-19T16:00:00+00:00, 2024-01-11T18:00:00+00:00, 2024-01-16T20:00:00+00:00, 2024-01-22T16:00:00+00:00, 2024-01-25T18:00:00+00:00, 2024-01-25T20:00:00+00:00, 2024-01-26T20:00:00+00:00]","[2.0, 10.0, 2.0, 2.0, 2.0, 21.0, 4.0, 1.0, 3.0]","[-1.730000000000004, 1.4950000000000045, 1.2199999999999989, 0.7249999999999943, 0.28000000000000114, 3.578000000000003, 0.49500000000000455, 0.5799999999999841, 0.9699999999999989]","[-1.5078880850692966, 1.3209631102275279, 1.0360934182590225, 0.5452767749699114, 0.20820939916716324, 2.724019794442332, 0.3704396632366732, 0.4348804078878189, 0.7289396558202442]",2024-01-30 07:01:43
CPK,ALGO_RSI_EMA_ADX_CGPT,14,12,2,0.6808,0.6379,3.8571,0.6212,0.47429970964657797,0.8571428571428571,2024-01-12 18:00:00+00:00,23,RSI_EMA_ADX_CGPT_P1.5_L1.5_AVR_1H_STOCK_RESULTS,"[2023-12-18T16:00:00+00:00, 2023-12-20T21:00:00+00:00, 2023-12-21T18:00:00+00:00, 2023-12-28T19:00:00+00:00, 2023-12-29T16:00:00+00:00, 2024-01-02T20:00:00+00:00, 2024-01-03T15:00:00+00:00, 2024-01-03T21:00:00+00:00, 2024-01-04T17:00:00+00:00, 2024-01-05T17:00:00+00:00, 2024-01-08T15:00:00+00:00, 2024-01-09T16:00:00+00:00, 2024-01-11T16:00:00+00:00, 2024-01-11T21:00:00+00:00]","[2023-12-19T16:00:00+00:00, 2023-12-21T17:00:00+00:00, 2023-12-21T20:00:00+00:00, 2023-12-28T21:00:00+00:00, 2023-12-29T21:00:00+00:00, 2024-01-02T21:00:00+00:00, 2024-01-03T16:00:00+00:00, 2024-01-04T16:00:00+00:00, 2024-01-05T16:00:00+00:00, 2024-01-05T21:00:00+00:00, 2024-01-08T21:00:00+00:00, 2024-01-10T16:00:00+00:00, 2024-01-11T20:00:00+00:00, 2024-01-12T18:00:00+00:00]","[7.0, 3.0, 2.0, 2.0, 5.0, 1.0, 1.0, 2.0, 6.0, 4.0, 6.0, 7.0, 4.0, 4.0]","[2.344999999999999, 0.29699999999999704, 0.4399999999999977, 1.144999999999996, 0.030000000000001137, 0.10999999999999943, 0.5499999999999972, 0.15000000000000568, -0.12000000000000455, -1.4650000000000034, 1.9179999999999922, 1.1600000000000108, 1.4099999999999966, 0.9599999999999937]","[2.303649491625324, 0.2902374670184668, 0.42648056605602186, 1.0908398037441014, 0.028398333964408495, 0.10401891252955028, 0.5221188532371341, 0.14170996693434643, -0.11358258400379038, -1.4021151361439474, 1.8572313889534355, 1.1227255129694258, 1.3880685174246865, 0.9367681498828979]",2024-01-30 06:22:01
DOW,ALGO_RSI_EMA_ADX_CGPT,8,7,1,0.6053,0.3225,6.2500,0.6114,0.5274924377862344,0.875,2024-01-29 21:00:00+00:00,6,RSI_EMA_ADX_CGPT_P1.5_L1.5_AVR_1H_STOCK_RESULTS,"[2023-12-12T16:00:00+00:00, 2024-01-03T16:00:00+00:00, 2024-01-03T20:00:00+00:00, 2024-01-05T18:00:00+00:00, 2024-01-05T20:00:00+00:00, 2024-01-09T16:00:00+00:00, 2024-01-10T20:00:00+00:00, 2024-01-29T16:00:00+00:00]","[2023-12-13T20:00:00+00:00, 2024-01-03T19:00:00+00:00, 2024-01-05T16:00:00+00:00, 2024-01-05T19:00:00+00:00, 2024-01-05T21:00:00+00:00, 2024-01-10T19:00:00+00:00, 2024-01-12T15:00:00+00:00, 2024-01-29T21:00:00+00:00]","[11.0, 3.0, 10.0, 1.0, 1.0, 10.0, 9.0, 5.0]","[1.0300000000000011, 0.8999999999999986, 0.10000000000000142, 0.19500000000000028, 0.3299999999999983, -0.7800000000000011, 0.23999999999999488, 0.5649999999999977]","[2.0231781575329033, 1.6635859519408478, 0.18261504747991494, 0.35701208348590313, 0.6055045871559601, -1.446319302799928, 0.4494802884165088, 1.056074766355136]",2024-01-30 06:25:11
FPF,ALGO_RSI_EMA_ADX_CGPT,11,11,0,0.8761,0.0992,2.6364,0.6106,0.35629453681709455,1.0,2024-01-23 17:00:00+00:00,12,RSI_EMA_ADX_CGPT_P1.5_L1.5_AVR_1H_STOCK_RESULTS,"[2023-12-12T21:00:00+00:00, 2023-12-13T18:00:00+00:00, 2023-12-26T21:00:00+00:00, 2023-12-29T16:00:00+00:00, 2024-01-02T20:00:00+00:00, 2024-01-03T17:00:00+00:00, 2024-01-11T17:00:00+00:00, 2024-01-17T19:00:00+00:00, 2024-01-17T21:00:00+00:00, 2024-01-19T16:00:00+00:00, 2024-01-23T16:00:00+00:00]","[2023-12-13T15:00:00+00:00, 2023-12-13T20:00:00+00:00, 2023-12-27T16:00:00+00:00, 2024-01-02T16:00:00+00:00, 2024-01-02T21:00:00+00:00, 2024-01-03T20:00:00+00:00, 2024-01-12T16:00:00+00:00, 2024-01-17T20:00:00+00:00, 2024-01-18T16:00:00+00:00, 2024-01-19T19:00:00+00:00, 2024-01-23T17:00:00+00:00]","[1.0, 2.0, 2.0, 7.0, 1.0, 3.0, 6.0, 1.0, 2.0, 3.0, 1.0]","[0.05000000000000071, 0.40000000000000213, 0.09999999999999787, 0.019999999999999574, 0.04999999999999716, 0.06700000000000017, 0.2069999999999972, 0.00999999999999801, 0.09500000000000242, 0.05999999999999872, 0.03200000000000003]","[0.3170577045022239, 2.5364616360177688, 0.6161429451632647, 0.12217470983506153, 0.30581039755349937, 0.4102375704139124, 1.2402636309166997, 0.05927682276228814, 0.5639655684179425, 0.35629453681709455, 0.1893491124260357]",2024-01-30 06:31:16
INN,ALGO_RSI_EMA_ADX_CGPT,14,12,2,0.7831,0.0400,3.7857,0.6042,0.6068681053391456,0.8571428571428571,2024-01-29 21:00:00+00:00,6,RSI_EMA_ADX_CGPT_P1.5_L1.5_AVR_1H_STOCK_RESULTS,"[2023-12-15T19:00:00+00:00, 2023-12-18T18:00:00+00:00, 2023-12-18T20:00:00+00:00, 2023-12-19T21:00:00+00:00, 2023-12-20T21:00:00+00:00, 2023-12-21T20:00:00+00:00, 2023-12-29T21:00:00+00:00, 2024-01-03T16:00:00+00:00, 2024-01-03T21:00:00+00:00, 2024-01-05T16:00:00+00:00, 2024-01-09T16:00:00+00:00, 2024-01-11T15:00:00+00:00, 2024-01-24T21:00:00+00:00, 2024-01-29T18:00:00+00:00]","[2023-12-18T16:00:00+00:00, 2023-12-18T19:00:00+00:00, 2023-12-19T15:00:00+00:00, 2023-12-20T16:00:00+00:00, 2023-12-21T16:00:00+00:00, 2023-12-21T21:00:00+00:00, 2024-01-02T16:00:00+00:00, 2024-01-03T17:00:00+00:00, 2024-01-05T15:00:00+00:00, 2024-01-05T21:00:00+00:00, 2024-01-10T21:00:00+00:00, 2024-01-12T16:00:00+00:00, 2024-01-25T16:00:00+00:00, 2024-01-29T21:00:00+00:00]","[4.0, 1.0, 2.0, 2.0, 2.0, 1.0, 2.0, 1.0, 8.0, 5.0, 12.0, 8.0, 2.0, 3.0]","[0.02999999999999936, 0.024999999999999467, 0.10499999999999954, 0.020000000000000462, 0.1349999999999998, 0.04999999999999982, 0.06500000000000039, 0.055000000000000604, -0.03500000000000014, 0.0699999999999994, -0.05999999999999961, 0.004999999999999893, 0.08000000000000007, 0.01499999999999968]","[0.4538577912254063, 0.37792894935751276, 1.5861027190332257, 0.3034901365705685, 2.0642201834862353, 0.7598784194528849, 0.9665427509293738, 0.8124076809453561, -0.5212211466865249, 1.0455563853622016, -0.8988764044943762, 0.07627765064835841, 1.2093726379440677, 0.2237136465324337]",2024-01-30 06:38:16
SPB,ALGO_RSI_EMA_ADX_CGPT,7,7,0,1.4498,0.4693,4.1429,0.6012,0.5372217958557015,1.0,2024-01-25 16:00:00+00:00,10,RSI_EMA_ADX_CGPT_P1.5_L1.5_AVR_1H_STOCK_RESULTS,"[2024-01-11T16:00:00+00:00, 2024-01-12T16:00:00+00:00, 2024-01-17T18:00:00+00:00, 2024-01-18T18:00:00+00:00, 2024-01-18T20:00:00+00:00, 2024-01-23T17:00:00+00:00, 2024-01-24T19:00:00+00:00]","[2024-01-11T19:00:00+00:00, 2024-01-12T19:00:00+00:00, 2024-01-18T16:00:00+00:00, 2024-01-18T19:00:00+00:00, 2024-01-22T16:00:00+00:00, 2024-01-23T20:00:00+00:00, 2024-01-25T16:00:00+00:00]","[3.0, 3.0, 5.0, 1.0, 10.0, 3.0, 4.0]","[0.5100000000000051, 0.1349999999999909, 0.4199999999999875, 0.18500000000000227, 0.9099999999999966, 0.18000000000000682, 0.9449999999999932]","[0.6555269922879243, 0.17305473657222267, 0.5372217958557015, 0.2368000000000029, 1.1648745519713217, 0.22997316979686575, 1.2110726643598528]",2024-01-30 06:58:54
AMGN,ALGO_RSI_EMA_ADX_CGPT,8,8,0,1.9223,1.7056,2.3750,0.5987,0.49620649720015075,1.0,2024-01-25 19:00:00+00:00,10,RSI_EMA_ADX_CGPT_P1.5_L1.5_AVR_1H_STOCK_RESULTS,"[2023-12-14T20:00:00+00:00, 2023-12-15T16:00:00+00:00, 2023-12-18T18:00:00+00:00, 2023-12-20T16:00:00+00:00, 2023-12-20T21:00:00+00:00, 2024-01-18T17:00:00+00:00, 2024-01-24T16:00:00+00:00, 2024-01-24T19:00:00+00:00]","[2023-12-14T21:00:00+00:00, 2023-12-15T21:00:00+00:00, 2023-12-18T20:00:00+00:00, 2023-12-20T17:00:00+00:00, 2023-12-21T15:00:00+00:00, 2024-01-18T18:00:00+00:00, 2024-01-24T17:00:00+00:00, 2024-01-25T19:00:00+00:00]","[1.0, 5.0, 2.0, 1.0, 1.0, 1.0, 1.0, 7.0]","[1.6899999999999977, 1.0699999999999932, 1.170000000000016, 1.1850000000000023, 3.75, 1.9149999999999636, 1.134999999999991, 1.7300000000000182]","[0.6153734114991071, 0.3899701144398255, 0.42545454545455125, 0.4290602313666572, 1.362892967472288, 0.6340219838431874, 0.36961654318977155, 0.5633527630336443]",2024-01-30 06:13:04
FYLD,ALGO_RSI_EMA_ADX_CGPT,9,8,1,0.6559,0.1497,6.0000,0.5960,0.8177570093457978,0.8888888888888888,2024-01-23 18:00:00+00:00,12,RSI_EMA_ADX_CGPT_P1.5_L1.5_AVR_1H_STOCK_RESULTS,"[2023-12-12T21:00:00+00:00, 2023-12-20T21:00:00+00:00, 2023-12-29T20:00:00+00:00, 2024-01-02T20:00:00+00:00, 2024-01-09T16:00:00+00:00, 2024-01-11T16:00:00+00:00, 2024-01-16T16:00:00+00:00, 2024-01-17T17:00:00+00:00, 2024-01-23T17:00:00+00:00]","[2023-12-13T20:00:00+00:00, 2023-12-21T16:00:00+00:00, 2024-01-02T17:00:00+00:00, 2024-01-04T16:00:00+00:00, 2024-01-10T16:00:00+00:00, 2024-01-12T16:00:00+00:00, 2024-01-17T16:00:00+00:00, 2024-01-18T20:00:00+00:00, 2024-01-23T18:00:00+00:00]","[6.0, 2.0, 4.0, 10.0, 7.0, 7.0, 7.0, 10.0, 1.0]","[0.4059999999999988, 0.33999999999999986, 0.005000000000002558, 0.14999999999999858, 0.21000000000000085, 0.3200000000000003, -0.38500000000000156, 0.2309999999999981, 0.07000000000000028]","[1.6625716625716573, 1.3470681458003164, 0.01934610176050516, 0.5829770695685914, 0.8177570093457978, 1.2473202104852865, -1.4986376021798424, 0.913043478260862, 0.27279812938425674]",2024-01-30 06:32:06
TRV,ALGO_RSI_EMA_ADX_CGPT,7,7,0,1.616,1.0879,4.4286,0.5807,0.42819843342036196,1.0,2024-01-11 18:00:00+00:00,24,RSI_EMA_ADX_CGPT_P1.5_L1.5_AVR_1H_STOCK_RESULTS,"[2023-12-14T16:00:00+00:00, 2023-12-15T19:00:00+00:00, 2023-12-21T17:00:00+00:00, 2024-01-08T16:00:00+00:00, 2024-01-09T15:00:00+00:00, 2024-01-10T17:00:00+00:00, 2024-01-11T17:00:00+00:00]","[2023-12-15T18:00:00+00:00, 2023-12-18T16:00:00+00:00, 2023-12-21T21:00:00+00:00, 2024-01-08T21:00:00+00:00, 2024-01-09T21:00:00+00:00, 2024-01-10T19:00:00+00:00, 2024-01-11T18:00:00+00:00]","[9.0, 4.0, 4.0, 5.0, 6.0, 2.0, 1.0]","[0.6599999999999966, 0.5799999999999841, 2.2700000000000102, 0.8199999999999932, 1.8100000000000023, 0.3650000000000091, 1.1099999999999852]","[0.3615447822514361, 0.3174429423676778, 1.2387448840382047, 0.42819843342036196, 0.9503307781161411, 0.19054082271873518, 0.5780346820809172]",2024-01-30 07:03:25
ENSG,ALGO_RSI_EMA_ADX_CGPT,7,6,1,0.8524,0.6509,2.2857,0.5724,0.3912968696250415,0.8571428571428571,2024-01-24 18:00:00+00:00,11,RSI_EMA_ADX_CGPT_P1.5_L1.5_AVR_1H_STOCK_RESULTS,"[2023-12-28T21:00:00+00:00, 2023-12-29T16:00:00+00:00, 2024-01-03T19:00:00+00:00, 2024-01-04T19:00:00+00:00, 2024-01-05T20:00:00+00:00, 2024-01-23T17:00:00+00:00, 2024-01-24T17:00:00+00:00]","[2023-12-29T15:00:00+00:00, 2024-01-02T15:00:00+00:00, 2024-01-04T16:00:00+00:00, 2024-01-04T21:00:00+00:00, 2024-01-05T21:00:00+00:00, 2024-01-23T18:00:00+00:00, 2024-01-24T18:00:00+00:00]","[1.0, 6.0, 4.0, 2.0, 1.0, 1.0, 1.0]","[-0.4000000000000057, 2.048000000000002, 1.3049999999999926, 0.20000000000000284, 0.3299999999999983, 0.4549999999999983, 0.6180000000000092]","[-0.35174111853676193, 1.8154418934491638, 1.1545607360877577, 0.17605633802817153, 0.29031406703615575, 0.3912968696250415, 0.5305996290954128]",2024-01-30 06:26:58
PH,ALGO_RSI_EMA_ADX_CGPT,8,7,1,1.2879,2.5899,3.0000,0.5655,0.4783046947979962,0.875,2024-01-29 19:00:00+00:00,6,RSI_EMA_ADX_CGPT_P1.5_L1.5_AVR_1H_STOCK_RESULTS,"[2023-12-21T17:00:00+00:00, 2023-12-27T15:00:00+00:00, 2024-01-11T17:00:00+00:00, 2024-01-16T15:00:00+00:00, 2024-01-16T17:00:00+00:00, 2024-01-17T16:00:00+00:00, 2024-01-24T19:00:00+00:00, 2024-01-29T16:00:00+00:00]","[2023-12-21T21:00:00+00:00, 2023-12-27T16:00:00+00:00, 2024-01-11T18:00:00+00:00, 2024-01-16T16:00:00+00:00, 2024-01-16T20:00:00+00:00, 2024-01-18T16:00:00+00:00, 2024-01-25T16:00:00+00:00, 2024-01-29T19:00:00+00:00]","[4.0, 1.0, 1.0, 1.0, 3.0, 7.0, 4.0, 3.0]","[2.829999999999984, -1.1050000000000182, 2.160000000000025, 5.449999999999989, 1.8149999999999977, 5.319999999999993, 2.2549999999999955, 1.9940000000000282]","[0.6246275409980763, -0.23891375321615063, 0.47302032235459557, 1.196539913936943, 0.3969078364695972, 1.1636045494313196, 0.48358906724139683, 0.4248066639681349]",2024-01-30 06:50:49
STEP,ALGO_RSI_EMA_ADX_CGPT,10,10,0,1.6328,0.1815,1.9000,0.5632,0.6471723009876607,1.0,2024-01-25 20:00:00+00:00,10,RSI_EMA_ADX_CGPT_P1.5_L1.5_AVR_1H_STOCK_RESULTS,"[2024-01-09T18:00:00+00:00, 2024-01-11T17:00:00+00:00, 2024-01-11T19:00:00+00:00, 2024-01-12T16:00:00+00:00, 2024-01-16T16:00:00+00:00, 2024-01-16T18:00:00+00:00, 2024-01-17T16:00:00+00:00, 2024-01-18T18:00:00+00:00, 2024-01-24T21:00:00+00:00, 2024-01-25T18:00:00+00:00]","[2024-01-09T21:00:00+00:00, 2024-01-11T18:00:00+00:00, 2024-01-11T21:00:00+00:00, 2024-01-12T19:00:00+00:00, 2024-01-16T17:00:00+00:00, 2024-01-16T21:00:00+00:00, 2024-01-17T17:00:00+00:00, 2024-01-18T19:00:00+00:00, 2024-01-25T16:00:00+00:00, 2024-01-25T20:00:00+00:00]","[3.0, 1.0, 2.0, 3.0, 1.0, 3.0, 1.0, 1.0, 2.0, 2.0]","[0.05999999999999872, 0.05000000000000071, 0.19000000000000128, 0.125, 0.029999999999997584, 0.25, 0.23000000000000043, 0.22000000000000242, 0.4099999999999966, 0.25]","[0.18921475875117855, 0.15757957768673403, 0.5988023952095849, 0.3939489442168295, 0.09439899307739956, 0.7906388361796332, 0.7273877292852637, 0.6955422067657364, 1.2323414487526196, 0.7523322299127295]",2024-01-30 07:00:19
PFGC,ALGO_RSI_EMA_ADX_CGPT,15,14,1,1.4612,0.3747,3.6000,0.5425,0.49047893825736216,0.9333333333333333,2024-01-29 16:00:00+00:00,6,RSI_EMA_ADX_CGPT_P1.5_L1.5_AVR_1H_STOCK_RESULTS,"[2023-12-13T18:00:00+00:00, 2023-12-15T17:00:00+00:00, 2024-01-03T20:00:00+00:00, 2024-01-04T20:00:00+00:00, 2024-01-09T16:00:00+00:00, 2024-01-11T17:00:00+00:00, 2024-01-12T16:00:00+00:00, 2024-01-16T17:00:00+00:00, 2024-01-18T16:00:00+00:00, 2024-01-19T16:00:00+00:00, 2024-01-23T15:00:00+00:00, 2024-01-23T21:00:00+00:00, 2024-01-24T21:00:00+00:00, 2024-01-26T15:00:00+00:00, 2024-01-26T20:00:00+00:00]","[2023-12-13T20:00:00+00:00, 2023-12-18T16:00:00+00:00, 2024-01-04T17:00:00+00:00, 2024-01-05T15:00:00+00:00, 2024-01-09T17:00:00+00:00, 2024-01-11T19:00:00+00:00, 2024-01-16T16:00:00+00:00, 2024-01-17T16:00:00+00:00, 2024-01-18T20:00:00+00:00, 2024-01-19T19:00:00+00:00, 2024-01-23T20:00:00+00:00, 2024-01-24T16:00:00+00:00, 2024-01-25T20:00:00+00:00, 2024-01-26T16:00:00+00:00, 2024-01-29T16:00:00+00:00]","[2.0, 6.0, 4.0, 2.0, 1.0, 2.0, 7.0, 6.0, 4.0, 3.0, 5.0, 2.0, 6.0, 1.0, 3.0]","[0.625, 1.0300000000000011, 0.13000000000000966, 0.3400000000000034, 0.3999999999999915, 0.35999999999999943, 0.29000000000000625, 0.5499999999999972, 0.37999999999999545, 0.5799999999999983, 0.25500000000000966, 0.3299999999999983, 0.1699999999999875, -0.005000000000009663, 0.18500000000000227]","[0.9482627825823092, 1.5460822575803077, 0.18759018759020155, 0.49047893825736216, 0.5729838132072647, 0.5122367672168461, 0.41281138790036476, 0.7824726134585248, 0.5391600454029447, 0.8232789212207214, 0.36039855840578006, 0.46702519105575757, 0.24062278839347132, -0.007024445068853137, 0.2612994350282518]",2024-01-30 06:50:22
BKIE,ALGO_RSI_EMA_ADX_CGPT,8,7,1,1.2146,0.3719,8.0000,0.5316,0.5181664654121466,0.875,2024-01-19 18:00:00+00:00,16,RSI_EMA_ADX_CGPT_P1.5_L1.5_AVR_1H_STOCK_RESULTS,"[2023-12-13T19:00:00+00:00, 2023-12-20T21:00:00+00:00, 2023-12-29T17:00:00+00:00, 2024-01-02T16:00:00+00:00, 2024-01-05T18:00:00+00:00, 2024-01-09T15:00:00+00:00, 2024-01-11T16:00:00+00:00, 2024-01-16T17:00:00+00:00]","[2023-12-13T20:00:00+00:00, 2023-12-21T16:00:00+00:00, 2023-12-29T18:00:00+00:00, 2024-01-05T16:00:00+00:00, 2024-01-08T16:00:00+00:00, 2024-01-10T16:00:00+00:00, 2024-01-11T20:00:00+00:00, 2024-01-19T18:00:00+00:00]","[1.0, 2.0, 1.0, 21.0, 5.0, 8.0, 4.0, 22.0]","[0.8130000000000024, 0.7999999999999972, 0.09999999999999432, 0.0799999999999983, 0.3399999999999892, 0.39000000000000057, 0.4720000000000084, -0.01999999999999602]","[1.176606799137448, 1.1443284222571837, 0.14013452914797409, 0.1130901894260649, 0.48274882862415047, 0.5535841022001428, 0.6710455230458763, -0.02860411899312932]",2024-01-30 06:17:17
JPC,ALGO_RSI_EMA_ADX_CGPT,12,12,0,1.3309,0.0352,4.4167,0.5257,0.3381282432939873,1.0,2024-01-19 16:00:00+00:00,16,RSI_EMA_ADX_CGPT_P1.5_L1.5_AVR_1H_STOCK_RESULTS,"[2023-12-12T21:00:00+00:00, 2023-12-13T17:00:00+00:00, 2023-12-20T16:00:00+00:00, 2023-12-20T20:00:00+00:00, 2023-12-22T21:00:00+00:00, 2023-12-26T20:00:00+00:00, 2023-12-28T19:00:00+00:00, 2023-12-29T16:00:00+00:00, 2024-01-02T15:00:00+00:00, 2024-01-11T19:00:00+00:00, 2024-01-12T18:00:00+00:00, 2024-01-16T16:00:00+00:00]","[2023-12-13T16:00:00+00:00, 2023-12-13T20:00:00+00:00, 2023-12-20T19:00:00+00:00, 2023-12-22T16:00:00+00:00, 2023-12-26T15:00:00+00:00, 2023-12-26T21:00:00+00:00, 2023-12-29T15:00:00+00:00, 2023-12-29T20:00:00+00:00, 2024-01-02T16:00:00+00:00, 2024-01-11T20:00:00+00:00, 2024-01-12T21:00:00+00:00, 2024-01-19T16:00:00+00:00]","[2.0, 3.0, 3.0, 10.0, 1.0, 1.0, 3.0, 4.0, 1.0, 1.0, 3.0, 21.0]","[0.020000000000000462, 0.09299999999999997, 0.024999999999999467, 0.05999999999999961, 0.043999999999999595, 0.01499999999999968, 0.020000000000000462, 0.0470000000000006, 0.0029999999999992255, 0.016000000000000014, 0.01499999999999968, 0.06500000000000039]","[0.30312215822977356, 1.4116575591985423, 0.37313432835820104, 0.900900900900895, 0.6572068707990977, 0.2238805970149206, 0.29784065524944847, 0.7032769714200299, 0.044576523031192056, 0.23205221174764346, 0.21723388848659927, 0.9433962264151]",2024-01-30 06:40:18
LH,ALGO_RSI_EMA_ADX_CGPT,7,7,0,2.2856,1.1493,4.4286,0.5213,0.5900109769484178,1.0,2024-01-29 17:00:00+00:00,6,RSI_EMA_ADX_CGPT_P1.5_L1.5_AVR_1H_STOCK_RESULTS,"[2023-12-12T15:00:00+00:00, 2023-12-15T17:00:00+00:00, 2023-12-18T19:00:00+00:00, 2023-12-20T20:00:00+00:00, 2024-01-23T16:00:00+00:00, 2024-01-24T16:00:00+00:00, 2024-01-26T21:00:00+00:00]","[2023-12-12T16:00:00+00:00, 2023-12-18T18:00:00+00:00, 2023-12-18T21:00:00+00:00, 2023-12-21T16:00:00+00:00, 2024-01-23T20:00:00+00:00, 2024-01-25T19:00:00+00:00, 2024-01-29T17:00:00+00:00]","[1.0, 8.0, 2.0, 3.0, 4.0, 10.0, 3.0]","[1.8499999999999943, 0.3300000000000125, 1.2900000000000205, 1.4499999999999886, 0.7400000000000091, 1.4850000000000136, 0.9000000000000057]","[0.8570766736159344, 0.15051311288484037, 0.5900109769484178, 0.6572386909618297, 0.3290790234357669, 0.664667442485012, 0.40032025620496653]",2024-01-30 06:42:36
EHC,ALGO_RSI_EMA_ADX_CGPT,14,13,1,1.3889,0.3529,4.5000,0.5193,0.46699921073147777,0.9285714285714286,2024-01-29 18:00:00+00:00,6,RSI_EMA_ADX_CGPT_P1.5_L1.5_AVR_1H_STOCK_RESULTS,"[2023-12-15T16:00:00+00:00, 2023-12-20T16:00:00+00:00, 2023-12-20T21:00:00+00:00, 2023-12-21T17:00:00+00:00, 2023-12-28T18:00:00+00:00, 2024-01-03T16:00:00+00:00, 2024-01-04T17:00:00+00:00, 2024-01-08T16:00:00+00:00, 2024-01-17T21:00:00+00:00, 2024-01-18T18:00:00+00:00, 2024-01-23T16:00:00+00:00, 2024-01-24T17:00:00+00:00, 2024-01-25T15:00:00+00:00, 2024-01-29T16:00:00+00:00]","[2023-12-19T16:00:00+00:00, 2023-12-20T17:00:00+00:00, 2023-12-21T16:00:00+00:00, 2023-12-21T21:00:00+00:00, 2024-01-02T18:00:00+00:00, 2024-01-03T17:00:00+00:00, 2024-01-05T16:00:00+00:00, 2024-01-08T20:00:00+00:00, 2024-01-18T16:00:00+00:00, 2024-01-18T19:00:00+00:00, 2024-01-23T20:00:00+00:00, 2024-01-24T19:00:00+00:00, 2024-01-25T21:00:00+00:00, 2024-01-29T18:00:00+00:00]","[14.0, 1.0, 2.0, 4.0, 14.0, 1.0, 6.0, 4.0, 2.0, 1.0, 4.0, 2.0, 6.0, 2.0]","[0.5150000000000006, 0.1799999999999926, 0.625, 0.4200000000000017, -0.22499999999999432, 0.2599999999999909, 0.9099999999999966, 0.24500000000000455, 0.4300000000000068, 0.37000000000000455, 0.36999999999999034, 0.2599999999999909, 0.28999999999999204, 0.29000000000000625]","[0.7803621486476257, 0.2719033232628287, 0.9497036924479563, 0.6357856494096301, -0.3349460364718933, 0.38927983231021246, 1.3569937369519782, 0.3635284516655606, 0.6163107352730498, 0.5299341162990613, 0.5249716231554914, 0.3691608689478786, 0.4090267983074641, 0.4085082405972761]",2024-01-30 06:26:43
BYD,ALGO_RSI_EMA_ADX_CGPT,17,15,2,1.076,0.3212,3.5294,0.5186,0.38967364831952406,0.8823529411764706,2024-01-29 16:00:00+00:00,6,RSI_EMA_ADX_CGPT_P1.5_L1.5_AVR_1H_STOCK_RESULTS,"[2023-12-13T16:00:00+00:00, 2023-12-21T20:00:00+00:00, 2023-12-27T16:00:00+00:00, 2023-12-29T16:00:00+00:00, 2024-01-03T16:00:00+00:00, 2024-01-05T17:00:00+00:00, 2024-01-09T16:00:00+00:00, 2024-01-09T20:00:00+00:00, 2024-01-10T15:00:00+00:00, 2024-01-11T16:00:00+00:00, 2024-01-12T16:00:00+00:00, 2024-01-17T15:00:00+00:00, 2024-01-24T19:00:00+00:00, 2024-01-25T16:00:00+00:00, 2024-01-25T20:00:00+00:00, 2024-01-26T15:00:00+00:00, 2024-01-29T15:00:00+00:00]","[2023-12-13T20:00:00+00:00, 2023-12-21T21:00:00+00:00, 2023-12-27T17:00:00+00:00, 2023-12-29T18:00:00+00:00, 2024-01-05T16:00:00+00:00, 2024-01-05T21:00:00+00:00, 2024-01-09T19:00:00+00:00, 2024-01-09T21:00:00+00:00, 2024-01-10T20:00:00+00:00, 2024-01-11T19:00:00+00:00, 2024-01-16T16:00:00+00:00, 2024-01-18T16:00:00+00:00, 2024-01-25T15:00:00+00:00, 2024-01-25T17:00:00+00:00, 2024-01-25T21:00:00+00:00, 2024-01-26T16:00:00+00:00, 2024-01-29T16:00:00+00:00]","[4.0, 1.0, 1.0, 2.0, 14.0, 4.0, 3.0, 1.0, 5.0, 3.0, 7.0, 8.0, 3.0, 1.0, 1.0, 1.0, 1.0]","[0.6499999999999986, 0.23999999999999488, 0.5, 0.22000000000000597, 0.6200000000000045, 0.15500000000000114, 0.5349999999999966, 0.00999999999999801, 0.18999999999999773, 0.7850000000000037, 0.09499999999999886, 0.8699999999999974, 0.3599999999999923, 0.3510000000000062, 0.11999999999999744, -0.10999999999999943, -0.12999999999999545]","[1.083604234391929, 0.38967364831952406, 0.8073631519457453, 0.352733686067029, 1.0021011798933321, 0.24945682787479062, 0.8588169194959413, 0.01598210004794312, 0.304682488774852, 1.2676624949535789, 0.1523656776263013, 1.4007406214780187, 0.5647944775650962, 0.5514532600157207, 0.1879404855129169, -0.17075442409189603, -0.20202020202019494]",2024-01-30 06:19:13
INDA,ALGO_RSI_EMA_ADX_CGPT,7,6,1,1.046,0.2450,8.1429,0.5028,0.3769740193581154,0.8571428571428571,2024-01-26 21:00:00+00:00,9,RSI_EMA_ADX_CGPT_P1.5_L1.5_AVR_1H_STOCK_RESULTS,"[2024-01-02T16:00:00+00:00, 2024-01-09T16:00:00+00:00, 2024-01-11T17:00:00+00:00, 2024-01-16T19:00:00+00:00, 2024-01-23T16:00:00+00:00, 2024-01-25T16:00:00+00:00, 2024-01-26T18:00:00+00:00]","[2024-01-04T16:00:00+00:00, 2024-01-10T16:00:00+00:00, 2024-01-11T18:00:00+00:00, 2024-01-19T16:00:00+00:00, 2024-01-24T16:00:00+00:00, 2024-01-26T16:00:00+00:00, 2024-01-26T21:00:00+00:00]","[14.0, 7.0, 1.0, 18.0, 7.0, 7.0, 3.0]","[0.44599999999999795, 0.355000000000004, 0.03999999999999915, -0.02599999999999625, 0.6450000000000031, 0.18499999999999517, 0.07000000000000028]","[0.9166581029698858, 0.7276826893512433, 0.0816493161869752, -0.05262518722421619, 1.326614561908686, 0.3769740193581154, 0.14250814332247616]",2024-01-30 06:38:25
PXH,ALGO_RSI_EMA_ADX_CGPT,9,9,0,1.6602,0.0933,6.1111,0.5023,0.5770816158285267,1.0,2024-01-12 16:00:00+00:00,23,RSI_EMA_ADX_CGPT_P1.5_L1.5_AVR_1H_STOCK_RESULTS,"[2023-12-12T20:00:00+00:00, 2023-12-13T16:00:00+00:00, 2023-12-18T20:00:00+00:00, 2023-12-20T16:00:00+00:00, 2024-01-03T19:00:00+00:00, 2024-01-05T18:00:00+00:00, 2024-01-05T20:00:00+00:00, 2024-01-08T15:00:00+00:00, 2024-01-09T15:00:00+00:00]","[2023-12-12T21:00:00+00:00, 2023-12-13T19:00:00+00:00, 2023-12-19T16:00:00+00:00, 2023-12-21T16:00:00+00:00, 2024-01-05T16:00:00+00:00, 2024-01-05T19:00:00+00:00, 2024-01-05T21:00:00+00:00, 2024-01-08T21:00:00+00:00, 2024-01-12T16:00:00+00:00]","[1.0, 3.0, 3.0, 7.0, 11.0, 1.0, 1.0, 6.0, 22.0]","[0.019999999999999574, 0.10500000000000043, 0.16799999999999926, 0.10000000000000142, 0.10999999999999943, 0.05000000000000071, 0.006999999999997897, 0.10999999999999943, 0.1700000000000017]","[0.10952902519167346, 0.5770816158285267, 0.9054163298302306, 0.5387931034482836, 0.5844845908607833, 0.26567481402763393, 0.03718854592784305, 0.5876068376068345, 0.9149623250807413]",2024-01-30 06:52:46
WDAY,ALGO_RSI_EMA_ADX_CGPT,12,11,1,0.8283,1.2752,5.7500,0.4641,0.4240052818140986,0.9166666666666666,2024-01-29 16:00:00+00:00,6,RSI_EMA_ADX_CGPT_P1.5_L1.5_AVR_1H_STOCK_RESULTS,"[2023-12-14T16:00:00+00:00, 2023-12-15T16:00:00+00:00, 2023-12-18T19:00:00+00:00, 2023-12-18T21:00:00+00:00, 2023-12-19T17:00:00+00:00, 2023-12-20T20:00:00+00:00, 2023-12-22T18:00:00+00:00, 2023-12-22T20:00:00+00:00, 2023-12-26T18:00:00+00:00, 2024-01-02T16:00:00+00:00, 2024-01-25T19:00:00+00:00, 2024-01-26T16:00:00+00:00]","[2023-12-15T15:00:00+00:00, 2023-12-18T16:00:00+00:00, 2023-12-18T20:00:00+00:00, 2023-12-19T16:00:00+00:00, 2023-12-19T21:00:00+00:00, 2023-12-21T21:00:00+00:00, 2023-12-22T19:00:00+00:00, 2023-12-26T15:00:00+00:00, 2023-12-26T20:00:00+00:00, 2024-01-08T16:00:00+00:00, 2024-01-25T20:00:00+00:00, 2024-01-29T16:00:00+00:00]","[6.0, 7.0, 1.0, 2.0, 4.0, 8.0, 1.0, 2.0, 2.0, 28.0, 1.0, 7.0]","[-1.7900000000000205, 1.0249999999999773, 0.7730000000000246, 1.1599999999999682, 1.6800000000000068, 1.4399999999999977, 0.28000000000002956, 1.3449999999999704, 0.9599999999999795, 5.024999999999977, 1.2300000000000182, 2.1750000000000114]","[-0.6567240841634181, 0.3755816935986139, 0.28268732149192516, 0.4253446758580112, 0.6169665809768662, 0.5306017170861114, 0.10272213662045256, 0.493279298773209, 0.3520481132421356, 1.878645132346335, 0.42266588777018593, 0.7451437185241055]",2024-01-30 07:07:50
FLGB,ALGO_RSI_EMA_ADX_CGPT,10,9,1,1.0009,0.1126,7.1000,0.4574,0.44183845272115907,0.9,2024-01-12 19:00:00+00:00,23,RSI_EMA_ADX_CGPT_P1.5_L1.5_AVR_1H_STOCK_RESULTS,"[2023-12-12T18:00:00+00:00, 2023-12-13T15:00:00+00:00, 2023-12-15T16:00:00+00:00, 2023-12-20T21:00:00+00:00, 2023-12-29T20:00:00+00:00, 2024-01-02T16:00:00+00:00, 2024-01-04T18:00:00+00:00, 2024-01-05T18:00:00+00:00, 2024-01-09T16:00:00+00:00, 2024-01-12T17:00:00+00:00]","[2023-12-12T19:00:00+00:00, 2023-12-13T21:00:00+00:00, 2023-12-19T16:00:00+00:00, 2023-12-21T16:00:00+00:00, 2023-12-29T21:00:00+00:00, 2024-01-04T16:00:00+00:00, 2024-01-05T16:00:00+00:00, 2024-01-08T16:00:00+00:00, 2024-01-12T16:00:00+00:00, 2024-01-12T19:00:00+00:00]","[1.0, 6.0, 14.0, 2.0, 1.0, 14.0, 5.0, 5.0, 21.0, 2.0]","[0.012999999999998124, 0.3240000000000016, 0.2710000000000008, 0.10500000000000043, 0.004999999999999005, 0.14499999999999957, 0.11499999999999844, 0.120000000000001, -0.03599999999999781, 0.06400000000000006]","[0.0526528959092674, 1.3401166397816173, 1.100775823550919, 0.4232164449818639, 0.019884668920258523, 0.5826803295157709, 0.4604604604604542, 0.48134777376655036, -0.1443406439196416, 0.2576489533011274]",2024-01-30 06:30:17
WEX,ALGO_RSI_EMA_ADX_CGPT,6,6,0,1.2986,0.8403,3.5000,0.4524,0.339734516128367,1.0,2024-01-16 21:00:00+00:00,19,RSI_EMA_ADX_CGPT_P1.5_L1.5_AVR_1H_STOCK_RESULTS,"[2023-12-12T17:00:00+00:00, 2023-12-13T18:00:00+00:00, 2024-01-10T16:00:00+00:00, 2024-01-11T16:00:00+00:00, 2024-01-12T18:00:00+00:00, 2024-01-16T16:00:00+00:00]","[2023-12-13T16:00:00+00:00, 2023-12-13T19:00:00+00:00, 2024-01-11T15:00:00+00:00, 2024-01-11T18:00:00+00:00, 2024-01-12T19:00:00+00:00, 2024-01-16T21:00:00+00:00]","[6.0, 1.0, 6.0, 2.0, 1.0, 5.0]","[1.0600000000000023, 2.0250000000000057, 0.23500000000001364, 0.6769999999999925, 0.37999999999999545, 0.6650000000000205]","[0.5929406499972044, 1.1316326245494457, 0.11879486401780086, 0.3430922903057385, 0.19182231196365243, 0.3363767419509955]",2024-01-30 07:07:46
MRK,ALGO_RSI_EMA_ADX_CGPT,9,9,0,1.68,0.4889,2.1111,0.4461,0.36036901787430325,1.0,2024-01-25 19:00:00+00:00,10,RSI_EMA_ADX_CGPT_P1.5_L1.5_AVR_1H_STOCK_RESULTS,"[2023-12-11T20:00:00+00:00, 2023-12-12T16:00:00+00:00, 2023-12-12T21:00:00+00:00, 2023-12-20T21:00:00+00:00, 2023-12-21T17:00:00+00:00, 2024-01-23T16:00:00+00:00, 2024-01-24T16:00:00+00:00, 2024-01-24T21:00:00+00:00, 2024-01-25T17:00:00+00:00]","[2023-12-11T21:00:00+00:00, 2023-12-12T17:00:00+00:00, 2023-12-13T16:00:00+00:00, 2023-12-21T16:00:00+00:00, 2023-12-21T21:00:00+00:00, 2024-01-23T17:00:00+00:00, 2024-01-24T20:00:00+00:00, 2024-01-25T16:00:00+00:00, 2024-01-25T19:00:00+00:00]","[1.0, 1.0, 2.0, 2.0, 4.0, 1.0, 4.0, 2.0, 2.0]","[0.31500000000001194, 0.375, 0.686000000000007, 1.0100000000000051, 0.35999999999999943, 0.6400000000000006, 0.021000000000000796, 0.29999999999999716, 0.6929999999999978]","[0.3026372676178239, 0.36036901787430325, 0.6620088010499566, 0.958436135889168, 0.33952654908987967, 0.5385392123864023, 0.017623363544814367, 0.25231286795626334, 0.583495415393163]",2024-01-30 06:45:23
GPC,ALGO_RSI_EMA_ADX_CGPT,16,15,1,0.6542,0.6122,4.6875,0.4450,0.46206145324133585,0.9375,2024-01-29 21:00:00+00:00,6,RSI_EMA_ADX_CGPT_P1.5_L1.5_AVR_1H_STOCK_RESULTS,"[2023-12-12T17:00:00+00:00, 2023-12-13T19:00:00+00:00, 2023-12-18T16:00:00+00:00, 2023-12-20T20:00:00+00:00, 2023-12-26T16:00:00+00:00, 2023-12-26T21:00:00+00:00, 2023-12-27T17:00:00+00:00, 2023-12-28T16:00:00+00:00, 2023-12-28T19:00:00+00:00, 2023-12-28T21:00:00+00:00, 2024-01-02T20:00:00+00:00, 2024-01-04T15:00:00+00:00, 2024-01-17T16:00:00+00:00, 2024-01-24T19:00:00+00:00, 2024-01-29T16:00:00+00:00, 2024-01-29T19:00:00+00:00]","[2023-12-12T19:00:00+00:00, 2023-12-13T20:00:00+00:00, 2023-12-18T17:00:00+00:00, 2023-12-21T21:00:00+00:00, 2023-12-26T20:00:00+00:00, 2023-12-27T15:00:00+00:00, 2023-12-27T21:00:00+00:00, 2023-12-28T18:00:00+00:00, 2023-12-28T20:00:00+00:00, 2024-01-02T15:00:00+00:00, 2024-01-03T21:00:00+00:00, 2024-01-08T17:00:00+00:00, 2024-01-18T16:00:00+00:00, 2024-01-25T20:00:00+00:00, 2024-01-29T18:00:00+00:00, 2024-01-29T21:00:00+00:00]","[2.0, 1.0, 1.0, 8.0, 4.0, 1.0, 4.0, 2.0, 1.0, 8.0, 8.0, 16.0, 7.0, 8.0, 2.0, 2.0]","[0.549999999999983, 2.285000000000025, 0.5240000000000009, 0.5999999999999943, 0.674999999999983, 0.7750000000000057, 0.19999999999998863, 1.0400000000000205, 0.10200000000000387, 2.0700000000000216, -2.0600000000000023, 0.950000000000017, 0.7699999999999818, 0.13999999999998636, 0.4749999999999943, 0.6999999999999886]","[0.4079210858117503, 1.6916527854895618, 0.3793363062489148, 0.4353820477468938, 0.4887408587357779, 0.5590823834944493, 0.1443522194153653, 0.7563086320994986, 0.07369516212935948, 1.4951245937161588, -1.4910248986682124, 0.6970430699244384, 0.5559968228752846, 0.09854990848936107, 0.33457772768894434, 0.492784230904603]",2024-01-30 06:33:25
DFEM,ALGO_RSI_EMA_ADX_CGPT,7,7,0,0.8918,0.1037,8.1429,0.4306,0.29221456898351195,1.0,2024-01-11 20:00:00+00:00,24,RSI_EMA_ADX_CGPT_P1.5_L1.5_AVR_1H_STOCK_RESULTS,"[2023-12-12T18:00:00+00:00, 2023-12-13T16:00:00+00:00, 2023-12-18T16:00:00+00:00, 2023-12-20T16:00:00+00:00, 2024-01-02T21:00:00+00:00, 2024-01-05T17:00:00+00:00, 2024-01-09T16:00:00+00:00]","[2023-12-12T19:00:00+00:00, 2023-12-13T20:00:00+00:00, 2023-12-18T17:00:00+00:00, 2023-12-21T16:00:00+00:00, 2024-01-05T16:00:00+00:00, 2024-01-08T20:00:00+00:00, 2024-01-11T20:00:00+00:00]","[1.0, 4.0, 1.0, 7.0, 16.0, 10.0, 18.0]","[0.07000000000000028, 0.3550000000000004, 0.04100000000000037, 0.13000000000000256, 0.010000000000001563, 0.004999999999999005, 0.11500000000000199]","[0.29221456898351195, 1.4844240016725923, 0.16824654273872694, 0.5347593582887806, 0.04051863857375026, 0.020321072952647855, 0.47383601153688504]",2024-01-30 06:24:05
MBINN,ALGO_RSI_EMA_ADX_CGPT,10,9,1,0.8968,0.0868,1.9000,0.4285,0.27213032875988635,0.9,2024-01-24 19:00:00+00:00,11,RSI_EMA_ADX_CGPT_P1.5_L1.5_AVR_1H_STOCK_RESULTS,"[2024-01-02T17:00:00+00:00, 2024-01-03T16:00:00+00:00, 2024-01-03T21:00:00+00:00, 2024-01-05T19:00:00+00:00, 2024-01-08T19:00:00+00:00, 2024-01-11T16:00:00+00:00, 2024-01-18T21:00:00+00:00, 2024-01-22T16:00:00+00:00, 2024-01-23T19:00:00+00:00, 2024-01-24T17:00:00+00:00]","[2024-01-02T21:00:00+00:00, 2024-01-03T17:00:00+00:00, 2024-01-05T17:00:00+00:00, 2024-01-08T15:00:00+00:00, 2024-01-08T20:00:00+00:00, 2024-01-11T17:00:00+00:00, 2024-01-19T18:00:00+00:00, 2024-01-22T20:00:00+00:00, 2024-01-23T21:00:00+00:00, 2024-01-24T19:00:00+00:00]","[3.0, 1.0, 4.0, 2.0, 1.0, 1.0, 3.0, 2.0, 1.0, 1.0]","[0.18999999999999773, 0.03900000000000148, 0.17999999999999972, 0.05000000000000071, 0.060000000000002274, 0.003999999999997783, 0.019999999999999574, 0.28000000000000114, 0.08500000000000085, -0.0400000000000027]","[0.949525237381298, 0.19163677460567774, 0.8955223880597, 0.24752475247525105, 0.29673590504452163, 0.01967826044176604, 0.09746588693956908, 1.3678553981436306, 0.4121212121212163, -0.19333011116482696]",2024-01-30 06:43:36
CHKP,ALGO_RSI_EMA_ADX_CGPT,12,11,1,0.7438,0.6446,4.4167,0.4278,0.2540654266795328,0.9166666666666666,2024-01-25 16:00:00+00:00,10,RSI_EMA_ADX_CGPT_P1.5_L1.5_AVR_1H_STOCK_RESULTS,"[2023-12-14T16:00:00+00:00, 2023-12-20T21:00:00+00:00, 2023-12-28T16:00:00+00:00, 2023-12-29T16:00:00+00:00, 2024-01-02T15:00:00+00:00, 2024-01-03T17:00:00+00:00, 2024-01-04T19:00:00+00:00, 2024-01-09T15:00:00+00:00, 2024-01-16T20:00:00+00:00, 2024-01-23T20:00:00+00:00, 2024-01-24T16:00:00+00:00, 2024-01-24T20:00:00+00:00]","[2023-12-18T16:00:00+00:00, 2023-12-21T16:00:00+00:00, 2023-12-28T18:00:00+00:00, 2023-12-29T20:00:00+00:00, 2024-01-02T21:00:00+00:00, 2024-01-03T18:00:00+00:00, 2024-01-08T19:00:00+00:00, 2024-01-09T16:00:00+00:00, 2024-01-17T15:00:00+00:00, 2024-01-24T15:00:00+00:00, 2024-01-24T18:00:00+00:00, 2024-01-25T16:00:00+00:00]","[14.0, 2.0, 2.0, 4.0, 6.0, 1.0, 14.0, 1.0, 2.0, 2.0, 2.0, 3.0]","[3.0649999999999977, 0.47999999999998977, 0.2849999999999966, 0.05000000000001137, 0.18999999999999773, 0.8899999999999864, -0.09000000000000341, 1.0699999999999932, 0.08500000000000796, 0.6800000000000068, 0.12999999999999545, 0.9000000000000057]","[2.0981653888280376, 0.3208341688389745, 0.18729668452009107, 0.03283856561146156, 0.12492603063975127, 0.5861819139827349, -0.05914049152319845, 0.7022840640588035, 0.054466230936824275, 0.4328453214513093, 0.0823462342433619, 0.5701615457713055]",2024-01-30 06:20:51
BTZ,ALGO_RSI_EMA_ADX_CGPT,6,6,0,1.6931,0.0443,3.8333,0.4228,0.40316248943704236,1.0,2024-01-24 16:00:00+00:00,11,RSI_EMA_ADX_CGPT_P1.5_L1.5_AVR_1H_STOCK_RESULTS,"[2023-12-22T17:00:00+00:00, 2024-01-02T15:00:00+00:00, 2024-01-02T20:00:00+00:00, 2024-01-03T16:00:00+00:00, 2024-01-17T20:00:00+00:00, 2024-01-23T15:00:00+00:00]","[2023-12-26T16:00:00+00:00, 2024-01-02T17:00:00+00:00, 2024-01-03T15:00:00+00:00, 2024-01-03T18:00:00+00:00, 2024-01-18T16:00:00+00:00, 2024-01-24T16:00:00+00:00]","[6.0, 2.0, 2.0, 2.0, 3.0, 8.0]","[0.05599999999999916, 0.015000000000000568, 0.019999999999999574, 0.02999999999999936, 0.08999999999999986, 0.05500000000000149]","[0.5451713395638548, 0.1450676982591931, 0.1934235976789127, 0.29013539651836906, 0.8466603951081829, 0.5161895823557157]",2024-01-30 06:18:51
DDM,ALGO_RSI_EMA_ADX_CGPT,11,10,1,0.644,0.3275,5.3636,0.4179,0.6038122041703904,0.9090909090909091,2024-01-25 20:00:00+00:00,10,RSI_EMA_ADX_CGPT_P1.5_L1.5_AVR_1H_STOCK_RESULTS,"[2024-01-03T16:00:00+00:00, 2024-01-04T18:00:00+00:00, 2024-01-09T16:00:00+00:00, 2024-01-09T20:00:00+00:00, 2024-01-11T16:00:00+00:00, 2024-01-12T16:00:00+00:00, 2024-01-12T20:00:00+00:00, 2024-01-16T20:00:00+00:00, 2024-01-24T21:00:00+00:00, 2024-01-25T16:00:00+00:00, 2024-01-25T18:00:00+00:00]","[2024-01-04T16:00:00+00:00, 2024-01-08T20:00:00+00:00, 2024-01-09T19:00:00+00:00, 2024-01-10T16:00:00+00:00, 2024-01-11T19:00:00+00:00, 2024-01-12T19:00:00+00:00, 2024-01-16T19:00:00+00:00, 2024-01-18T20:00:00+00:00, 2024-01-25T15:00:00+00:00, 2024-01-25T17:00:00+00:00, 2024-01-25T20:00:00+00:00]","[7.0, 16.0, 3.0, 3.0, 3.0, 3.0, 6.0, 14.0, 1.0, 1.0, 2.0]","[0.7459999999999951, 0.21999999999999886, 0.5800000000000125, 0.3850000000000051, 0.5900000000000034, 0.4719999999999942, -1.1400000000000006, 0.5300000000000011, 0.6700000000000017, 0.2400000000000091, 0.3100000000000023]","[0.9550633721674499, 0.2801120448179257, 0.7450224791265415, 0.49172999552973384, 0.7539936102236465, 0.6038122041703904, -1.4542671259089177, 0.6860841423948234, 0.8437224530915524, 0.301924770411384, 0.39018250471995247]",2024-01-30 06:23:37
EWX,ALGO_RSI_EMA_ADX_CGPT,8,7,1,0.9329,0.2295,8.5000,0.4125,0.3441760355130742,0.875,2024-01-11 20:00:00+00:00,24,RSI_EMA_ADX_CGPT_P1.5_L1.5_AVR_1H_STOCK_RESULTS,"[2023-12-12T18:00:00+00:00, 2023-12-13T16:00:00+00:00, 2023-12-18T16:00:00+00:00, 2024-01-02T16:00:00+00:00, 2024-01-02T19:00:00+00:00, 2024-01-05T20:00:00+00:00, 2024-01-08T15:00:00+00:00, 2024-01-09T16:00:00+00:00]","[2023-12-12T20:00:00+00:00, 2023-12-13T20:00:00+00:00, 2023-12-21T15:00:00+00:00, 2024-01-02T17:00:00+00:00, 2024-01-05T16:00:00+00:00, 2024-01-05T21:00:00+00:00, 2024-01-08T19:00:00+00:00, 2024-01-11T20:00:00+00:00]","[2.0, 4.0, 20.0, 1.0, 18.0, 1.0, 4.0, 18.0]","[0.22399999999999665, 0.8170000000000002, 0.060000000000002274, 0.09000000000000341, 0.1599999999999966, 0.0, 0.23500000000000654, 0.25]","[0.4027907645831774, 1.471011883327332, 0.1085383502170808, 0.16037063435495974, 0.2855613064429709, 0.0, 0.4212601953930385, 0.4508566275924256]",2024-01-30 06:28:36
NFRA,ALGO_RSI_EMA_ADX_CGPT,13,12,1,0.6088,0.2156,4.3077,0.4111,0.21067015885668183,0.9230769230769231,2024-01-19 19:00:00+00:00,16,RSI_EMA_ADX_CGPT_P1.5_L1.5_AVR_1H_STOCK_RESULTS,"[2023-12-12T19:00:00+00:00, 2023-12-13T15:00:00+00:00, 2023-12-18T21:00:00+00:00, 2023-12-20T21:00:00+00:00, 2023-12-21T18:00:00+00:00, 2024-01-03T16:00:00+00:00, 2024-01-03T21:00:00+00:00, 2024-01-04T21:00:00+00:00, 2024-01-05T20:00:00+00:00, 2024-01-09T16:00:00+00:00, 2024-01-11T16:00:00+00:00, 2024-01-16T16:00:00+00:00, 2024-01-17T16:00:00+00:00]","[2023-12-12T20:00:00+00:00, 2023-12-13T20:00:00+00:00, 2023-12-19T16:00:00+00:00, 2023-12-21T16:00:00+00:00, 2023-12-21T19:00:00+00:00, 2024-01-03T19:00:00+00:00, 2024-01-04T16:00:00+00:00, 2024-01-05T16:00:00+00:00, 2024-01-05T21:00:00+00:00, 2024-01-10T16:00:00+00:00, 2024-01-12T16:00:00+00:00, 2024-01-17T15:00:00+00:00, 2024-01-19T19:00:00+00:00]","[1.0, 5.0, 2.0, 2.0, 1.0, 3.0, 2.0, 2.0, 1.0, 7.0, 7.0, 6.0, 17.0]","[0.030000000000001137, 1.0229999999999961, 0.23000000000000398, 0.5500000000000043, 0.0799999999999983, 0.020000000000003126, 0.23000000000000398, 0.4450000000000003, 0.02400000000000091, 0.0799999999999983, 0.46000000000000085, -0.4799999999999969, 0.1109999999999971]","[0.05755947812740049, 1.9750941210541482, 0.43676414736043295, 1.0516252390057443, 0.1518026565464863, 0.0374812593703207, 0.4309537193179763, 0.8339580209895057, 0.044888340253620825, 0.14953271028037063, 0.8662900188323932, -0.9029345372460439, 0.21067015885668183]",2024-01-30 06:46:28
NMFC,ALGO_RSI_EMA_ADX_CGPT,13,12,1,0.6677,0.0520,6.3846,0.4094,0.23201856148492758,0.9230769230769231,2024-01-25 20:00:00+00:00,10,RSI_EMA_ADX_CGPT_P1.5_L1.5_AVR_1H_STOCK_RESULTS,"[2023-12-12T18:00:00+00:00, 2023-12-19T21:00:00+00:00, 2023-12-20T20:00:00+00:00, 2023-12-22T18:00:00+00:00, 2023-12-27T21:00:00+00:00, 2023-12-28T17:00:00+00:00, 2023-12-29T16:00:00+00:00, 2024-01-11T16:00:00+00:00, 2024-01-12T21:00:00+00:00, 2024-01-16T17:00:00+00:00, 2024-01-18T16:00:00+00:00, 2024-01-24T21:00:00+00:00, 2024-01-25T18:00:00+00:00, 2024-01-29T18:00:00+00:00]","[2023-12-13T20:00:00+00:00, 2023-12-20T17:00:00+00:00, 2023-12-22T17:00:00+00:00, 2023-12-27T16:00:00+00:00, 2023-12-28T16:00:00+00:00, 2023-12-29T15:00:00+00:00, 2024-01-02T18:00:00+00:00, 2024-01-11T21:00:00+00:00, 2024-01-16T16:00:00+00:00, 2024-01-17T21:00:00+00:00, 2024-01-19T18:00:00+00:00, 2024-01-25T17:00:00+00:00, 2024-01-25T20:00:00+00:00]","[9.0, 3.0, 11.0, 12.0, 2.0, 5.0, 9.0, 5.0, 2.0, 11.0, 9.0, 3.0, 2.0]","[0.2919999999999998, 0.017999999999998906, -0.009999999999999787, 0.009999999999999787, 0.03500000000000014, 0.07399999999999984, 0.041999999999999815, 0.08000000000000007, 0.015000000000000568, 0.010000000000001563, 0.07000000000000028, 0.009999999999999787, 0.030000000000001137]","[2.331709654236204, 0.13888888888888043, -0.0773993808049519, 0.07763975155279337, 0.27279812938425674, 0.5765035836709242, 0.32728122808384486, 0.6230529595015583, 0.11632415664986868, 0.07770007770008985, 0.5481597494126882, 0.0773993808049519, 0.23201856148492758]",2024-01-30 06:46:53
TRI,ALGO_RSI_EMA_ADX_CGPT,9,9,0,1.4564,0.5846,4.5556,0.4070,0.34910230834994344,1.0,2024-01-29 21:00:00+00:00,6,RSI_EMA_ADX_CGPT_P1.5_L1.5_AVR_1H_STOCK_RESULTS,"[2023-12-18T15:00:00+00:00, 2023-12-20T21:00:00+00:00, 2024-01-03T15:00:00+00:00, 2024-01-04T21:00:00+00:00, 2024-01-05T17:00:00+00:00, 2024-01-09T20:00:00+00:00, 2024-01-10T17:00:00+00:00, 2024-01-10T21:00:00+00:00, 2024-01-29T16:00:00+00:00]","[2023-12-18T21:00:00+00:00, 2023-12-21T16:00:00+00:00, 2024-01-04T16:00:00+00:00, 2024-01-05T16:00:00+00:00, 2024-01-08T16:00:00+00:00, 2024-01-10T16:00:00+00:00, 2024-01-10T18:00:00+00:00, 2024-01-12T15:00:00+00:00, 2024-01-29T21:00:00+00:00]","[6.0, 2.0, 8.0, 2.0, 6.0, 3.0, 1.0, 8.0, 5.0]","[0.4899999999999807, 1.1409999999999911, 1.2800000000000011, 0.18000000000000682, 0.29000000000002046, 0.11499999999998067, 0.4300000000000068, 0.7700000000000102, 0.5649999999999977]","[0.34910230834994344, 0.807959212576116, 0.8921725796333737, 0.1248785902594747, 0.20102592541246392, 0.07938425430571958, 0.29733093624672025, 0.5318046826438361, 0.37930918733845637]",2024-01-30 07:03:15
SDIV,ALGO_RSI_EMA_ADX_CGPT,7,6,1,0.7714,0.0894,11.0000,0.4066,0.3552397868561361,0.8571428571428571,2024-01-12 16:00:00+00:00,23,RSI_EMA_ADX_CGPT_P1.5_L1.5_AVR_1H_STOCK_RESULTS,"[2023-12-11T20:00:00+00:00, 2023-12-20T20:00:00+00:00, 2023-12-28T19:00:00+00:00, 2023-12-29T16:00:00+00:00, 2024-01-04T17:00:00+00:00, 2024-01-05T17:00:00+00:00, 2024-01-09T16:00:00+00:00]","[2023-12-13T20:00:00+00:00, 2023-12-21T16:00:00+00:00, 2023-12-29T15:00:00+00:00, 2024-01-04T15:00:00+00:00, 2024-01-05T16:00:00+00:00, 2024-01-08T20:00:00+00:00, 2024-01-12T16:00:00+00:00]","[14.0, 3.0, 3.0, 20.0, 6.0, 10.0, 21.0]","[0.29499999999999815, 0.19000000000000128, 0.021000000000000796, -0.06999999999999673, 0.08000000000000185, 0.02499999999999858, 0.0849999999999973]","[1.3644773358001765, 0.8512544802867441, 0.09259667533842231, -0.31000885739591116, 0.3552397868561361, 0.1111111111111048, 0.3812514016595528]",2024-01-30 06:56:41
FV,ALGO_RSI_EMA_ADX_CGPT,9,8,1,0.6699,0.2050,2.6667,0.4045,0.22783368141256394,0.8888888888888888,2024-01-29 17:00:00+00:00,6,RSI_EMA_ADX_CGPT_P1.5_L1.5_AVR_1H_STOCK_RESULTS,"[2024-01-11T16:00:00+00:00, 2024-01-12T16:00:00+00:00, 2024-01-16T15:00:00+00:00, 2024-01-16T17:00:00+00:00, 2024-01-17T16:00:00+00:00, 2024-01-22T15:00:00+00:00, 2024-01-24T15:00:00+00:00, 2024-01-26T18:00:00+00:00, 2024-01-26T21:00:00+00:00]","[2024-01-11T19:00:00+00:00, 2024-01-12T18:00:00+00:00, 2024-01-16T16:00:00+00:00, 2024-01-16T21:00:00+00:00, 2024-01-18T16:00:00+00:00, 2024-01-22T16:00:00+00:00, 2024-01-24T16:00:00+00:00, 2024-01-26T20:00:00+00:00, 2024-01-29T17:00:00+00:00]","[3.0, 2.0, 1.0, 4.0, 7.0, 1.0, 1.0, 2.0, 3.0]","[0.30999999999999517, 0.060000000000002274, 0.33499999999999375, 0.08899999999999864, 0.8430000000000035, -0.33800000000000097, 0.32100000000000506, 0.11999999999999744, 0.10500000000000398]","[0.6118018551410996, 0.11811023622047692, 0.6623826000988506, 0.17543513827836754, 1.6783801541003913, -0.6379163914315391, 0.6054433316358382, 0.22783368141256394, 0.19927880053141772]",2024-01-30 06:31:43
CMI,ALGO_RSI_EMA_ADX_CGPT,15,13,2,0.8638,0.9574,4.4667,0.4016,0.3869773702363874,0.8666666666666667,2024-01-16 15:00:00+00:00,19,RSI_EMA_ADX_CGPT_P1.5_L1.5_AVR_1H_STOCK_RESULTS,"[2023-12-13T17:00:00+00:00, 2023-12-18T16:00:00+00:00, 2023-12-20T20:00:00+00:00, 2023-12-21T17:00:00+00:00, 2023-12-22T16:00:00+00:00, 2023-12-26T16:00:00+00:00, 2023-12-29T17:00:00+00:00, 2024-01-03T16:00:00+00:00, 2024-01-04T16:00:00+00:00, 2024-01-05T17:00:00+00:00, 2024-01-05T20:00:00+00:00, 2024-01-08T15:00:00+00:00, 2024-01-09T16:00:00+00:00, 2024-01-10T15:00:00+00:00, 2024-01-11T16:00:00+00:00]","[2023-12-13T19:00:00+00:00, 2023-12-18T17:00:00+00:00, 2023-12-21T15:00:00+00:00, 2023-12-21T20:00:00+00:00, 2023-12-26T15:00:00+00:00, 2023-12-28T15:00:00+00:00, 2024-01-02T16:00:00+00:00, 2024-01-04T15:00:00+00:00, 2024-01-05T16:00:00+00:00, 2024-01-05T19:00:00+00:00, 2024-01-05T21:00:00+00:00, 2024-01-08T17:00:00+00:00, 2024-01-09T18:00:00+00:00, 2024-01-10T16:00:00+00:00, 2024-01-16T15:00:00+00:00]","[2.0, 1.0, 2.0, 3.0, 6.0, 13.0, 6.0, 6.0, 7.0, 2.0, 1.0, 2.0, 2.0, 1.0, 13.0]","[0.5900000000000034, 1.634999999999991, 0.7800000000000011, 1.0769999999999982, 2.204999999999984, 0.8900000000000148, 2.334000000000003, 0.030000000000001137, 1.634999999999991, 0.9199999999999875, 0.4800000000000182, 0.9900000000000091, 2.7750000000000057, -0.46999999999999886, -1.509999999999991]","[0.25308853809197124, 0.6784513880243955, 0.32236733344354485, 0.44460039630118814, 0.9303012404016471, 0.3729623266144302, 0.9766262458888819, 0.012687671812222938, 0.6892481504120695, 0.3869773702363874, 0.20198619760983766, 0.41747490933626097, 1.1729399581545767, -0.1961193407051946, -0.6398305084745725]",2024-01-30 06:21:22
USA,ALGO_RSI_EMA_ADX_CGPT,6,6,0,1.2301,0.0248,5.3333,0.3907,0.2435344973797591,1.0,2024-01-25 18:00:00+00:00,10,RSI_EMA_ADX_CGPT_P1.5_L1.5_AVR_1H_STOCK_RESULTS,"[2024-01-03T19:00:00+00:00, 2024-01-05T17:00:00+00:00, 2024-01-05T20:00:00+00:00, 2024-01-22T19:00:00+00:00, 2024-01-23T16:00:00+00:00, 2024-01-24T16:00:00+00:00]","[2024-01-05T16:00:00+00:00, 2024-01-05T19:00:00+00:00, 2024-01-05T21:00:00+00:00, 2024-01-23T15:00:00+00:00, 2024-01-24T15:00:00+00:00, 2024-01-25T18:00:00+00:00]","[11.0, 2.0, 1.0, 3.0, 6.0, 9.0]","[0.041999999999999815, 0.016000000000000014, 0.01100000000000012, 0.015000000000000568, 0.05999999999999961, 0.004999999999999893]","[0.6677265500794883, 0.2536059597400541, 0.17435409732128895, 0.23346303501946408, 0.9374999999999939, 0.07733952049497128]",2024-01-30 07:05:16
BK,ALGO_RSI_EMA_ADX_CGPT,11,10,1,0.8974,0.2033,2.1818,0.3861,0.3717472118959113,0.9090909090909091,2024-01-25 16:00:00+00:00,10,RSI_EMA_ADX_CGPT_P1.5_L1.5_AVR_1H_STOCK_RESULTS,"[2023-12-21T16:00:00+00:00, 2024-01-02T15:00:00+00:00, 2024-01-03T16:00:00+00:00, 2024-01-03T21:00:00+00:00, 2024-01-04T21:00:00+00:00, 2024-01-10T17:00:00+00:00, 2024-01-11T15:00:00+00:00, 2024-01-11T17:00:00+00:00, 2024-01-18T16:00:00+00:00, 2024-01-23T16:00:00+00:00, 2024-01-25T15:00:00+00:00]","[2023-12-21T21:00:00+00:00, 2024-01-02T16:00:00+00:00, 2024-01-03T17:00:00+00:00, 2024-01-04T16:00:00+00:00, 2024-01-05T16:00:00+00:00, 2024-01-10T20:00:00+00:00, 2024-01-11T16:00:00+00:00, 2024-01-11T19:00:00+00:00, 2024-01-18T21:00:00+00:00, 2024-01-23T17:00:00+00:00, 2024-01-25T16:00:00+00:00]","[5.0, 1.0, 1.0, 2.0, 2.0, 3.0, 1.0, 2.0, 5.0, 1.0, 1.0]","[0.0449999999999946, -0.2149999999999963, 0.19999999999999574, 0.44999999999999574, 0.6699999999999946, 0.08500000000000085, 0.19500000000000028, 0.19500000000000028, 0.31800000000000495, 0.17499999999999716, 0.1180000000000021]","[0.08760829358511554, -0.411168483457633, 0.38520801232664814, 0.8685581933989495, 1.28796616685889, 0.16156624215928692, 0.3717472118959113, 0.3717472118959113, 0.5901456806161361, 0.32033681127585056, 0.2139231327048624]",2024-01-30 06:16:51
ICE,ALGO_RSI_EMA_ADX_CGPT,11,11,0,1.3376,0.4851,4.8182,0.3838,0.3475787976933389,1.0,2024-01-29 19:00:00+00:00,6,RSI_EMA_ADX_CGPT_P1.5_L1.5_AVR_1H_STOCK_RESULTS,"[2024-01-04T17:00:00+00:00, 2024-01-04T20:00:00+00:00, 2024-01-10T16:00:00+00:00, 2024-01-11T16:00:00+00:00, 2024-01-11T21:00:00+00:00, 2024-01-12T20:00:00+00:00, 2024-01-16T16:00:00+00:00, 2024-01-19T16:00:00+00:00, 2024-01-24T16:00:00+00:00, 2024-01-25T16:00:00+00:00, 2024-01-29T18:00:00+00:00]","[2024-01-04T19:00:00+00:00, 2024-01-08T16:00:00+00:00, 2024-01-10T19:00:00+00:00, 2024-01-11T20:00:00+00:00, 2024-01-12T18:00:00+00:00, 2024-01-12T21:00:00+00:00, 2024-01-18T21:00:00+00:00, 2024-01-19T18:00:00+00:00, 2024-01-24T18:00:00+00:00, 2024-01-25T21:00:00+00:00, 2024-01-29T19:00:00+00:00]","[2.0, 10.0, 3.0, 4.0, 4.0, 1.0, 19.0, 2.0, 2.0, 5.0, 1.0]","[0.29000000000000625, 1.434999999999988, 0.4399999999999977, 0.664999999999992, 0.5799999999999983, 0.11999999999999034, 0.3200000000000074, 0.29000000000000625, 0.6159999999999997, 0.46999999999999886, 0.10999999999999943]","[0.22995797319800673, 1.13839197175835, 0.3475787976933389, 0.5262949626053516, 0.4574493256565962, 0.0945850082761806, 0.2534251999683277, 0.23023181962528286, 0.487303219681987, 0.37051635790303417, 0.08659371801936505]",2024-01-30 06:36:35
IMTM,ALGO_RSI_EMA_ADX_CGPT,11,10,1,0.9373,0.1285,5.8182,0.3765,0.2374239501409654,0.9090909090909091,2024-01-29 16:00:00+00:00,6,RSI_EMA_ADX_CGPT_P1.5_L1.5_AVR_1H_STOCK_RESULTS,"[2023-12-15T16:00:00+00:00, 2023-12-20T15:00:00+00:00, 2023-12-21T18:00:00+00:00, 2024-01-02T16:00:00+00:00, 2024-01-04T20:00:00+00:00, 2024-01-09T16:00:00+00:00, 2024-01-09T19:00:00+00:00, 2024-01-16T21:00:00+00:00, 2024-01-23T16:00:00+00:00, 2024-01-26T18:00:00+00:00, 2024-01-26T21:00:00+00:00]","[2023-12-19T16:00:00+00:00, 2023-12-21T17:00:00+00:00, 2023-12-21T20:00:00+00:00, 2024-01-04T16:00:00+00:00, 2024-01-05T16:00:00+00:00, 2024-01-09T17:00:00+00:00, 2024-01-10T16:00:00+00:00, 2024-01-18T16:00:00+00:00, 2024-01-23T20:00:00+00:00, 2024-01-26T20:00:00+00:00, 2024-01-29T16:00:00+00:00]","[14.0, 9.0, 2.0, 14.0, 3.0, 1.0, 4.0, 9.0, 4.0, 2.0, 2.0]","[0.1769999999999996, 0.060000000000002274, 0.0799999999999983, 0.030000000000001137, 0.40500000000000114, 0.060000000000002274, 0.3719999999999999, -0.01999999999999602, 0.11999999999999744, 0.03900000000000148, 0.0899999999999963]","[0.5225863596102734, 0.1782531194295968, 0.2374239501409654, 0.08828722778105103, 1.193282262816739, 0.1756440281030512, 1.0880374378473234, -0.057887120115762726, 0.3467206009823677, 0.11166466242914011, 0.257731958762876]",2024-01-30 06:37:59
NFJ,ALGO_RSI_EMA_ADX_CGPT,10,10,0,1.8976,0.0466,5.7000,0.3738,0.32061872237846556,1.0,2024-01-26 21:00:00+00:00,9,RSI_EMA_ADX_CGPT_P1.5_L1.5_AVR_1H_STOCK_RESULTS,"[2024-01-09T16:00:00+00:00, 2024-01-11T15:00:00+00:00, 2024-01-12T20:00:00+00:00, 2024-01-17T15:00:00+00:00, 2024-01-17T19:00:00+00:00, 2024-01-18T17:00:00+00:00, 2024-01-18T20:00:00+00:00, 2024-01-19T21:00:00+00:00, 2024-01-24T17:00:00+00:00, 2024-01-24T19:00:00+00:00]","[2024-01-09T17:00:00+00:00, 2024-01-12T19:00:00+00:00, 2024-01-12T21:00:00+00:00, 2024-01-17T16:00:00+00:00, 2024-01-17T20:00:00+00:00, 2024-01-18T19:00:00+00:00, 2024-01-19T20:00:00+00:00, 2024-01-24T16:00:00+00:00, 2024-01-24T18:00:00+00:00, 2024-01-26T21:00:00+00:00]","[1.0, 11.0, 1.0, 1.0, 1.0, 2.0, 7.0, 16.0, 1.0, 16.0]","[0.08099999999999952, 0.08499999999999908, 0.03500000000000014, 0.05000000000000071, 0.04499999999999993, 0.009999999999999787, 0.025000000000000355, 0.07000000000000028, 0.02999999999999936, 0.03500000000000014]","[0.6488305030438923, 0.6841046277665921, 0.28011204481792834, 0.399042298483645, 0.35999999999999943, 0.07980845969672616, 0.1998401278976847, 0.5638340716874771, 0.24086712163789128, 0.28123744475693163]",2024-01-30 06:46:27
FOX,ALGO_RSI_EMA_ADX_CGPT,8,8,0,2.8406,0.1050,2.8750,0.3729,0.3978863382953365,1.0,2024-01-19 18:00:00+00:00,16,RSI_EMA_ADX_CGPT_P1.5_L1.5_AVR_1H_STOCK_RESULTS,"[2024-01-04T16:00:00+00:00, 2024-01-04T18:00:00+00:00, 2024-01-05T20:00:00+00:00, 2024-01-09T18:00:00+00:00, 2024-01-09T20:00:00+00:00, 2024-01-16T16:00:00+00:00, 2024-01-17T19:00:00+00:00, 2024-01-19T17:00:00+00:00]","[2024-01-04T17:00:00+00:00, 2024-01-04T20:00:00+00:00, 2024-01-05T21:00:00+00:00, 2024-01-09T19:00:00+00:00, 2024-01-10T17:00:00+00:00, 2024-01-17T16:00:00+00:00, 2024-01-18T18:00:00+00:00, 2024-01-19T18:00:00+00:00]","[1.0, 2.0, 1.0, 1.0, 4.0, 7.0, 6.0, 1.0]","[0.14999999999999858, 0.07499999999999929, 0.120000000000001, 0.0799999999999983, 0.10999999999999943, 0.0400000000000027, 0.11499999999999844, 0.14999999999999858]","[0.5378271782000666, 0.2689135891000333, 0.4290311047550983, 0.284090909090903, 0.39048633297834373, 0.14049877063576643, 0.4052863436123293, 0.526685393258422]",2024-01-30 06:31:01
GFL,ALGO_RSI_EMA_ADX_CGPT,9,9,0,1.2978,0.1230,3.6667,0.3697,0.40878122634367303,1.0,2024-01-29 21:00:00+00:00,6,RSI_EMA_ADX_CGPT_P1.5_L1.5_AVR_1H_STOCK_RESULTS,"[2024-01-11T21:00:00+00:00, 2024-01-16T17:00:00+00:00, 2024-01-19T18:00:00+00:00, 2024-01-24T16:00:00+00:00, 2024-01-24T20:00:00+00:00, 2024-01-25T18:00:00+00:00, 2024-01-26T18:00:00+00:00, 2024-01-29T16:00:00+00:00, 2024-01-29T18:00:00+00:00]","[2024-01-16T16:00:00+00:00, 2024-01-17T17:00:00+00:00, 2024-01-19T19:00:00+00:00, 2024-01-24T18:00:00+00:00, 2024-01-25T17:00:00+00:00, 2024-01-26T15:00:00+00:00, 2024-01-26T20:00:00+00:00, 2024-01-29T17:00:00+00:00, 2024-01-29T21:00:00+00:00]","[9.0, 7.0, 1.0, 2.0, 4.0, 4.0, 2.0, 1.0, 3.0]","[0.03499999999999659, 0.030000000000001137, 0.134999999999998, 0.2819999999999965, 0.01999999999999602, 0.2049999999999983, 0.030000000000001137, 0.17999999999999972, 0.18999999999999773]","[0.10705000764641869, 0.09191176470588583, 0.40878122634367303, 0.8463385354141552, 0.05971931919974923, 0.6159855769230718, 0.08984725965858381, 0.5384385282680219, 0.5690326445043358]",2024-01-30 06:32:49
FOXA,ALGO_RSI_EMA_ADX_CGPT,11,10,1,0.954,0.1091,1.4545,0.3631,0.3809839324167699,0.9090909090909091,2024-01-25 16:00:00+00:00,10,RSI_EMA_ADX_CGPT_P1.5_L1.5_AVR_1H_STOCK_RESULTS,"[2024-01-04T16:00:00+00:00, 2024-01-04T18:00:00+00:00, 2024-01-05T20:00:00+00:00, 2024-01-09T18:00:00+00:00, 2024-01-10T16:00:00+00:00, 2024-01-16T18:00:00+00:00, 2024-01-17T15:00:00+00:00, 2024-01-17T19:00:00+00:00, 2024-01-17T21:00:00+00:00, 2024-01-18T17:00:00+00:00, 2024-01-25T15:00:00+00:00]","[2024-01-04T17:00:00+00:00, 2024-01-04T21:00:00+00:00, 2024-01-05T21:00:00+00:00, 2024-01-09T19:00:00+00:00, 2024-01-10T17:00:00+00:00, 2024-01-16T21:00:00+00:00, 2024-01-17T16:00:00+00:00, 2024-01-17T20:00:00+00:00, 2024-01-18T16:00:00+00:00, 2024-01-18T18:00:00+00:00, 2024-01-25T16:00:00+00:00]","[1.0, 3.0, 1.0, 1.0, 1.0, 3.0, 1.0, 1.0, 2.0, 1.0, 1.0]","[0.16000000000000014, 0.129999999999999, 0.14999999999999858, 0.11500000000000199, 0.36499999999999844, 0.120000000000001, 0.004999999999999005, 0.09499999999999886, 0.08999999999999986, 0.09499999999999886, -0.125]","[0.5343129069961601, 0.43434680922151353, 0.5003335557037978, 0.3809839324167699, 1.214036254781302, 0.3916449086161912, 0.016233766233763002, 0.31005221932114513, 0.2937336814621405, 0.3094966606939204, -0.39086929330831766]",2024-01-30 06:31:18
IBHF,ALGO_RSI_EMA_ADX_CGPT,6,6,0,1.4418,0.0822,4.8333,0.3605,0.3214440941259711,1.0,2024-01-11 18:00:00+00:00,24,RSI_EMA_ADX_CGPT_P1.5_L1.5_AVR_1H_STOCK_RESULTS,"[2023-12-13T15:00:00+00:00, 2023-12-20T21:00:00+00:00, 2023-12-22T21:00:00+00:00, 2024-01-04T16:00:00+00:00, 2024-01-08T21:00:00+00:00, 2024-01-11T17:00:00+00:00]","[2023-12-13T20:00:00+00:00, 2023-12-21T16:00:00+00:00, 2023-12-26T16:00:00+00:00, 2024-01-08T19:00:00+00:00, 2024-01-09T16:00:00+00:00, 2024-01-11T18:00:00+00:00]","[5.0, 2.0, 2.0, 17.0, 2.0, 1.0]","[0.18900000000000006, 0.09499999999999886, 0.021999999999998465, 0.0920000000000023, 0.0400000000000027, 0.054999999999999716]","[0.8337744838538913, 0.41557305336832395, 0.09602793539938222, 0.4026610644257804, 0.17482517482518664, 0.24022712382616168]",2024-01-30 06:36:24
JPXN,ALGO_RSI_EMA_ADX_CGPT,7,6,1,0.9365,0.2403,5.8571,0.3515,0.24439624005784083,0.8571428571428571,2024-01-29 18:00:00+00:00,6,RSI_EMA_ADX_CGPT_P1.5_L1.5_AVR_1H_STOCK_RESULTS,"[2024-01-02T16:00:00+00:00, 2024-01-02T20:00:00+00:00, 2024-01-08T15:00:00+00:00, 2024-01-17T17:00:00+00:00, 2024-01-19T16:00:00+00:00, 2024-01-23T16:00:00+00:00, 2024-01-25T16:00:00+00:00]","[2024-01-02T18:00:00+00:00, 2024-01-05T16:00:00+00:00, 2024-01-08T18:00:00+00:00, 2024-01-18T20:00:00+00:00, 2024-01-19T18:00:00+00:00, 2024-01-23T21:00:00+00:00, 2024-01-29T18:00:00+00:00]","[1.0, 12.0, 1.0, 8.0, 2.0, 5.0, 12.0]","[-0.08499999999999375, 0.28000000000000114, 0.3539999999999992, 0.75, 0.16899999999999693, 0.1490000000000009, 0.06499999999999773]","[-0.12565599822602372, 0.41469194312796376, 0.5229646481807023, 1.0958503798947983, 0.24439624005784083, 0.21435456258721772, 0.0936127313314578]",2024-01-30 06:40:37
TU,ALGO_RSI_EMA_ADX_CGPT,10,9,1,1.0767,0.0630,4.7000,0.3482,0.3047144021869439,0.9,2024-01-29 17:00:00+00:00,6,RSI_EMA_ADX_CGPT_P1.5_L1.5_AVR_1H_STOCK_RESULTS,"[2023-12-18T20:00:00+00:00, 2024-01-09T16:00:00+00:00, 2024-01-09T19:00:00+00:00, 2024-01-11T16:00:00+00:00, 2024-01-11T21:00:00+00:00, 2024-01-16T19:00:00+00:00, 2024-01-17T16:00:00+00:00, 2024-01-18T16:00:00+00:00, 2024-01-22T18:00:00+00:00, 2024-01-25T17:00:00+00:00]","[2023-12-21T15:00:00+00:00, 2024-01-09T17:00:00+00:00, 2024-01-09T20:00:00+00:00, 2024-01-11T18:00:00+00:00, 2024-01-12T16:00:00+00:00, 2024-01-16T20:00:00+00:00, 2024-01-17T21:00:00+00:00, 2024-01-18T20:00:00+00:00, 2024-01-22T19:00:00+00:00, 2024-01-29T17:00:00+00:00]","[16.0, 1.0, 1.0, 2.0, 2.0, 1.0, 5.0, 4.0, 1.0, 14.0]","[-0.03500000000000014, 0.030000000000001137, 0.054999999999999716, 0.05999999999999872, 0.16999999999999815, 0.08999999999999986, 0.054999999999999716, 0.14000000000000057, 0.05000000000000071, 0.015000000000000568]","[-0.19718309859155012, 0.16713091922006207, 0.3059805285118204, 0.3324099722991619, 0.9407858328721536, 0.49532195927352696, 0.3034482758620674, 0.7764836383804801, 0.27472527472527863, 0.0825991189427344]",2024-01-30 07:03:33
ROP,ALGO_RSI_EMA_ADX_CGPT,8,8,0,1.333,1.8187,4.0000,0.3348,0.25484229337058895,1.0,2024-01-26 21:00:00+00:00,9,RSI_EMA_ADX_CGPT_P1.5_L1.5_AVR_1H_STOCK_RESULTS,"[2023-12-14T16:00:00+00:00, 2023-12-19T15:00:00+00:00, 2023-12-19T17:00:00+00:00, 2023-12-20T16:00:00+00:00, 2023-12-20T20:00:00+00:00, 2023-12-29T17:00:00+00:00, 2024-01-24T21:00:00+00:00, 2024-01-26T18:00:00+00:00]","[2023-12-15T21:00:00+00:00, 2023-12-19T16:00:00+00:00, 2023-12-19T21:00:00+00:00, 2023-12-20T17:00:00+00:00, 2023-12-21T21:00:00+00:00, 2023-12-29T18:00:00+00:00, 2024-01-25T16:00:00+00:00, 2024-01-26T21:00:00+00:00]","[12.0, 1.0, 4.0, 1.0, 8.0, 1.0, 2.0, 3.0]","[0.45499999999992724, 2.9400000000000546, 1.6199999999998909, 0.8550000000000182, 1.6400000000001, 1.1000000000000227, 4.789999999999964, 1.1499999999999773]","[0.08405146535877547, 0.5460725496387479, 0.30003333703742835, 0.15823077634866625, 0.30452140005572376, 0.20188672319495335, 0.8741833047413883, 0.20965124970374954]",2024-01-30 06:54:59
PTY,ALGO_RSI_EMA_ADX_CGPT,7,7,0,1.1795,0.0453,3.1429,0.3341,0.25716385011021414,1.0,2024-01-23 20:00:00+00:00,12,RSI_EMA_ADX_CGPT_P1.5_L1.5_AVR_1H_STOCK_RESULTS,"[2024-01-12T19:00:00+00:00, 2024-01-16T20:00:00+00:00, 2024-01-17T16:00:00+00:00, 2024-01-17T21:00:00+00:00, 2024-01-22T19:00:00+00:00, 2024-01-23T16:00:00+00:00, 2024-01-23T19:00:00+00:00]","[2024-01-12T20:00:00+00:00, 2024-01-16T21:00:00+00:00, 2024-01-17T20:00:00+00:00, 2024-01-19T19:00:00+00:00, 2024-01-22T20:00:00+00:00, 2024-01-23T18:00:00+00:00, 2024-01-23T20:00:00+00:00]","[1.0, 1.0, 4.0, 12.0, 1.0, 2.0, 1.0]","[0.13000000000000078, 0.04499999999999993, 0.03500000000000014, 0.012000000000000455, 0.05000000000000071, 0.019999999999999574, 0.025000000000000355]","[0.9608277900960885, 0.3310040456050013, 0.25716385011021414, 0.08862629246676851, 0.3695491500369602, 0.14749262536872842, 0.18429782528566427]",2024-01-30 06:52:35
SPGI,ALGO_RSI_EMA_ADX_CGPT,8,8,0,1.1997,1.4665,2.2500,0.3340,0.20098632637676106,1.0,2024-01-29 21:00:00+00:00,6,RSI_EMA_ADX_CGPT_P1.5_L1.5_AVR_1H_STOCK_RESULTS,"[2024-01-08T17:00:00+00:00, 2024-01-09T16:00:00+00:00, 2024-01-09T20:00:00+00:00, 2024-01-11T16:00:00+00:00, 2024-01-18T18:00:00+00:00, 2024-01-25T16:00:00+00:00, 2024-01-26T19:00:00+00:00, 2024-01-29T18:00:00+00:00]","[2024-01-08T21:00:00+00:00, 2024-01-09T17:00:00+00:00, 2024-01-10T18:00:00+00:00, 2024-01-11T18:00:00+00:00, 2024-01-18T19:00:00+00:00, 2024-01-25T17:00:00+00:00, 2024-01-26T20:00:00+00:00, 2024-01-29T21:00:00+00:00]","[4.0, 1.0, 5.0, 2.0, 1.0, 1.0, 1.0, 3.0]","[2.3600000000000136, 0.9020000000000437, 0.5299999999999727, 0.5399999999999636, 0.8100000000000023, 1.5, 0.8600000000000136, 4.229999999999961]","[0.5490926012098682, 0.20912159655761828, 0.12302978249262347, 0.1250752767869467, 0.18572869852334273, 0.3373819163292847, 0.19285105619590387, 0.949921401302484]",2024-01-30 06:59:13
BGB,ALGO_RSI_EMA_ADX_CGPT,6,6,0,1.2356,0.0368,6.5000,0.3273,0.23057850953522457,1.0,2024-01-05 19:00:00+00:00,30,RSI_EMA_ADX_CGPT_P1.5_L1.5_AVR_1H_STOCK_RESULTS,"[2023-12-19T21:00:00+00:00, 2023-12-26T18:00:00+00:00, 2023-12-27T19:00:00+00:00, 2023-12-28T17:00:00+00:00, 2024-01-03T16:00:00+00:00, 2024-01-05T18:00:00+00:00]","[2023-12-22T16:00:00+00:00, 2023-12-26T19:00:00+00:00, 2023-12-28T15:00:00+00:00, 2023-12-28T21:00:00+00:00, 2024-01-05T16:00:00+00:00, 2024-01-05T19:00:00+00:00]","[16.0, 1.0, 3.0, 4.0, 14.0, 1.0]","[0.08800000000000097, 0.0600000000000005, 0.03200000000000003, 0.015000000000000568, 0.006000000000000227, 0.019999999999999574]","[0.7824308704543519, 0.533807829181499, 0.28353712564238903, 0.13291980505095763, 0.05319620533735462, 0.17761989342806014]",2024-01-30 06:16:15
AGNCN,ALGO_RSI_EMA_ADX_CGPT,7,6,1,1.0652,0.0806,6.7143,0.3185,0.2753737214791374,0.8571428571428571,2024-01-26 20:00:00+00:00,9,RSI_EMA_ADX_CGPT_P1.5_L1.5_AVR_1H_STOCK_RESULTS,"[2023-12-18T21:00:00+00:00, 2023-12-20T21:00:00+00:00, 2023-12-26T18:00:00+00:00, 2024-01-17T16:00:00+00:00, 2024-01-23T18:00:00+00:00, 2024-01-25T21:00:00+00:00, 2024-01-26T18:00:00+00:00]","[2023-12-19T16:00:00+00:00, 2023-12-21T16:00:00+00:00, 2024-01-03T15:00:00+00:00, 2024-01-17T21:00:00+00:00, 2024-01-23T20:00:00+00:00, 2024-01-26T16:00:00+00:00, 2024-01-26T20:00:00+00:00]","[2.0, 2.0, 32.0, 5.0, 2.0, 2.0, 2.0]","[0.06999999999999673, 0.23000000000000043, 0.08999999999999986, 0.120000000000001, 0.04400000000000048, 0.0, 0.010000000000001563]","[0.2753737214791374, 0.9065825778478535, 0.3613732182292706, 0.4737465455981089, 0.17320107069752985, 0.0, 0.039261876717713244]",2024-01-30 06:11:45
LSXMA,ALGO_RSI_EMA_ADX_CGPT,15,14,1,0.7304,0.0928,1.9333,0.3151,0.161446561188249,0.9333333333333333,2024-01-29 15:00:00+00:00,6,RSI_EMA_ADX_CGPT_P1.5_L1.5_AVR_1H_STOCK_RESULTS,"[2023-12-18T17:00:00+00:00, 2023-12-18T20:00:00+00:00, 2023-12-20T21:00:00+00:00, 2023-12-27T20:00:00+00:00, 2023-12-29T15:00:00+00:00, 2024-01-12T15:00:00+00:00, 2024-01-12T17:00:00+00:00, 2024-01-16T16:00:00+00:00, 2024-01-18T15:00:00+00:00, 2024-01-23T19:00:00+00:00, 2024-01-23T21:00:00+00:00, 2024-01-24T16:00:00+00:00, 2024-01-25T16:00:00+00:00, 2024-01-25T21:00:00+00:00, 2024-01-26T19:00:00+00:00, 2024-01-29T16:00:00+00:00]","[2023-12-18T19:00:00+00:00, 2023-12-18T21:00:00+00:00, 2023-12-21T16:00:00+00:00, 2023-12-28T16:00:00+00:00, 2023-12-29T18:00:00+00:00, 2024-01-12T16:00:00+00:00, 2024-01-12T18:00:00+00:00, 2024-01-16T17:00:00+00:00, 2024-01-18T16:00:00+00:00, 2024-01-23T20:00:00+00:00, 2024-01-24T15:00:00+00:00, 2024-01-24T20:00:00+00:00, 2024-01-25T20:00:00+00:00, 2024-01-26T15:00:00+00:00, 2024-01-29T15:00:00+00:00]","[2.0, 1.0, 2.0, 3.0, 3.0, 1.0, 1.0, 1.0, 1.0, 1.0, 1.0, 4.0, 4.0, 1.0, 3.0]","[0.00999999999999801, 0.08000000000000185, 0.375, 0.07499999999999929, 0.10999999999999943, 0.0020000000000024443, 0.19000000000000128, 0.019999999999999574, 0.010000000000001563, 0.05000000000000071, 0.23000000000000043, 0.019999999999999574, 0.019999999999999574, 0.28999999999999915, -0.08999999999999986]","[0.036231884057963806, 0.29048656499637565, 1.3409619166815663, 0.2619172341540048, 0.3838101884159087, 0.006602839220873041, 0.6283068783068826, 0.0658544616397747, 0.032425421530484964, 0.161446561188249, 0.743614613643713, 0.06449532408900216, 0.06451612903225669, 0.9360877985797261, -0.2901821699177813]",2024-01-30 06:43:25
PAGP,ALGO_RSI_EMA_ADX_CGPT,9,8,1,1.1141,0.0506,3.2222,0.3129,0.2833753148614605,0.8888888888888888,2024-01-24 20:00:00+00:00,11,RSI_EMA_ADX_CGPT_P1.5_L1.5_AVR_1H_STOCK_RESULTS,"[2023-12-28T21:00:00+00:00, 2023-12-29T17:00:00+00:00, 2024-01-05T20:00:00+00:00, 2024-01-08T16:00:00+00:00, 2024-01-09T16:00:00+00:00, 2024-01-17T16:00:00+00:00, 2024-01-18T18:00:00+00:00, 2024-01-23T16:00:00+00:00, 2024-01-24T19:00:00+00:00]","[2023-12-29T16:00:00+00:00, 2023-12-29T20:00:00+00:00, 2024-01-05T21:00:00+00:00, 2024-01-09T15:00:00+00:00, 2024-01-09T17:00:00+00:00, 2024-01-18T16:00:00+00:00, 2024-01-18T19:00:00+00:00, 2024-01-24T16:00:00+00:00, 2024-01-24T20:00:00+00:00]","[2.0, 3.0, 1.0, 6.0, 1.0, 7.0, 1.0, 7.0, 1.0]","[0.025000000000000355, 0.04499999999999993, 0.04999999999999716, 0.08499999999999908, 0.0799999999999983, -0.029999999999997584, 0.04499999999999815, 0.134999999999998, 0.019999999999999574]","[0.15713387806411286, 0.2833753148614605, 0.31055900621116245, 0.5315822388993063, 0.4979769685651932, -0.18376722817762686, 0.276412776412765, 0.8211678832116667, 0.12146978439113011]",2024-01-30 06:49:15
AGO,ALGO_RSI_EMA_ADX_CGPT,9,9,0,1.6848,0.2294,2.2222,0.3047,0.3047568570292884,1.0,2024-01-17 21:00:00+00:00,18,RSI_EMA_ADX_CGPT_P1.5_L1.5_AVR_1H_STOCK_RESULTS,"[2024-01-08T19:00:00+00:00, 2024-01-09T16:00:00+00:00, 2024-01-09T20:00:00+00:00, 2024-01-11T16:00:00+00:00, 2024-01-12T16:00:00+00:00, 2024-01-16T16:00:00+00:00, 2024-01-16T18:00:00+00:00, 2024-01-16T20:00:00+00:00, 2024-01-17T19:00:00+00:00]","[2024-01-08T20:00:00+00:00, 2024-01-09T19:00:00+00:00, 2024-01-10T20:00:00+00:00, 2024-01-11T19:00:00+00:00, 2024-01-12T17:00:00+00:00, 2024-01-16T17:00:00+00:00, 2024-01-16T19:00:00+00:00, 2024-01-16T21:00:00+00:00, 2024-01-17T21:00:00+00:00]","[1.0, 3.0, 7.0, 3.0, 1.0, 1.0, 1.0, 1.0, 2.0]","[0.38000000000000966, 0.4099999999999966, 0.3649999999999949, 0.12000000000000455, 0.03999999999999204, 0.13000000000000966, 0.10000000000000853, 0.23000000000000398, 0.28999999999999204]","[0.5045140732873205, 0.5471043501467795, 0.48485653560041825, 0.15936254980080286, 0.05307151386492243, 0.1723909295849485, 0.13246787653995037, 0.3047568570292884, 0.3840550920407787]",2024-01-30 06:11:44
JPUS,ALGO_RSI_EMA_ADX_CGPT,10,9,1,0.9962,0.3077,5.9000,0.3022,0.260831531157351,0.9,2024-01-25 16:00:00+00:00,10,RSI_EMA_ADX_CGPT_P1.5_L1.5_AVR_1H_STOCK_RESULTS,"[2023-12-20T21:00:00+00:00, 2023-12-29T17:00:00+00:00, 2024-01-03T16:00:00+00:00, 2024-01-05T17:00:00+00:00, 2024-01-09T16:00:00+00:00, 2024-01-10T17:00:00+00:00, 2024-01-11T16:00:00+00:00, 2024-01-12T18:00:00+00:00, 2024-01-16T16:00:00+00:00, 2024-01-24T20:00:00+00:00]","[2023-12-21T21:00:00+00:00, 2023-12-29T20:00:00+00:00, 2024-01-05T16:00:00+00:00, 2024-01-08T18:00:00+00:00, 2024-01-09T17:00:00+00:00, 2024-01-10T21:00:00+00:00, 2024-01-11T21:00:00+00:00, 2024-01-12T19:00:00+00:00, 2024-01-19T18:00:00+00:00, 2024-01-25T16:00:00+00:00]","[7.0, 2.0, 11.0, 8.0, 1.0, 3.0, 5.0, 1.0, 18.0, 3.0]","[0.8699999999999903, 0.3089999999999975, 0.17300000000000182, 0.570999999999998, 0.32800000000000296, 0.1869999999999976, 0.5999999999999943, 0.0309999999999917, -0.21699999999999875, 0.22499999999999432]","[0.8619835529574857, 0.3014634146341439, 0.16908236167987903, 0.5602488250473395, 0.32030624401867436, 0.18247640980103008, 0.5890437855880565, 0.0302323993797401, -0.21270339149186313, 0.22019964768055814]",2024-01-30 06:40:29
INDY,ALGO_RSI_EMA_ADX_CGPT,6,6,0,1.3315,0.1470,5.5000,0.2996,0.32007093839154677,1.0,2024-01-19 15:00:00+00:00,16,RSI_EMA_ADX_CGPT_P1.5_L1.5_AVR_1H_STOCK_RESULTS,"[2024-01-02T15:00:00+00:00, 2024-01-05T15:00:00+00:00, 2024-01-08T16:00:00+00:00, 2024-01-09T16:00:00+00:00, 2024-01-11T16:00:00+00:00, 2024-01-18T17:00:00+00:00]","[2024-01-04T16:00:00+00:00, 2024-01-05T16:00:00+00:00, 2024-01-08T19:00:00+00:00, 2024-01-10T15:00:00+00:00, 2024-01-11T19:00:00+00:00, 2024-01-19T15:00:00+00:00]","[15.0, 1.0, 3.0, 6.0, 3.0, 5.0]","[0.24499999999999744, 0.07000000000000028, 0.00999999999999801, 0.25, 0.04999999999999716, 0.2569999999999979]","[0.49872773536895154, 0.141414141414142, 0.02030456852791474, 0.5105166428425567, 0.10162601626015683, 0.5247789598350069]",2024-01-30 06:38:09
ZECP,ALGO_RSI_EMA_ADX_CGPT,6,6,0,2.9284,0.0777,6.1667,0.2985,0.30055187491695723,1.0,2024-01-18 20:00:00+00:00,17,RSI_EMA_ADX_CGPT_P1.5_L1.5_AVR_1H_STOCK_RESULTS,"[2023-12-29T17:00:00+00:00, 2024-01-02T19:00:00+00:00, 2024-01-03T16:00:00+00:00, 2024-01-11T17:00:00+00:00, 2024-01-16T18:00:00+00:00, 2024-01-17T16:00:00+00:00]","[2023-12-29T18:00:00+00:00, 2024-01-02T21:00:00+00:00, 2024-01-08T19:00:00+00:00, 2024-01-11T19:00:00+00:00, 2024-01-16T21:00:00+00:00, 2024-01-18T20:00:00+00:00]","[1.0, 2.0, 20.0, 1.0, 2.0, 11.0]","[0.060000000000002274, 0.06099999999999994, 0.09499999999999886, 0.10000000000000142, 0.10999999999999943, 0.0400000000000027]","[0.23085802231628424, 0.23473275099087984, 0.3663709988430346, 0.38358266206368014, 0.42226487523992107, 0.1533742331288447]",2024-01-30 07:09:45
AMLP,ALGO_RSI_EMA_ADX_CGPT,13,12,1,0.8535,0.1252,3.5385,0.2936,0.1984590240485661,0.9230769230769231,2024-01-22 16:00:00+00:00,13,RSI_EMA_ADX_CGPT_P1.5_L1.5_AVR_1H_STOCK_RESULTS,"[2023-12-28T21:00:00+00:00, 2023-12-29T17:00:00+00:00, 2023-12-29T19:00:00+00:00, 2024-01-02T16:00:00+00:00, 2024-01-02T20:00:00+00:00, 2024-01-03T15:00:00+00:00, 2024-01-08T16:00:00+00:00, 2024-01-08T21:00:00+00:00, 2024-01-09T16:00:00+00:00, 2024-01-10T18:00:00+00:00, 2024-01-10T21:00:00+00:00, 2024-01-11T18:00:00+00:00, 2024-01-17T16:00:00+00:00]","[2023-12-29T16:00:00+00:00, 2023-12-29T18:00:00+00:00, 2024-01-02T15:00:00+00:00, 2024-01-02T19:00:00+00:00, 2024-01-02T21:00:00+00:00, 2024-01-03T16:00:00+00:00, 2024-01-08T20:00:00+00:00, 2024-01-09T15:00:00+00:00, 2024-01-09T20:00:00+00:00, 2024-01-10T19:00:00+00:00, 2024-01-11T15:00:00+00:00, 2024-01-11T21:00:00+00:00, 2024-01-22T16:00:00+00:00]","[2.0, 1.0, 3.0, 3.0, 1.0, 1.0, 4.0, 1.0, 4.0, 1.0, 1.0, 3.0, 21.0]","[0.060000000000002274, 0.05799999999999983, 0.10000000000000142, 0.19000000000000483, 0.05000000000000426, 0.12000000000000455, 0.2850000000000037, -0.1600000000000037, 0.28999999999999915, 0.08500000000000085, 0.05999999999999517, 0.05999999999999517, 0.42899999999999494]","[0.1409112259276709, 0.13628780224169895, 0.23523876734886243, 0.44811320754718126, 0.11761938367443958, 0.2815579540122115, 0.6688570758038106, -0.37374445223079583, 0.6820319849482576, 0.1984590240485661, 0.1400560224089523, 0.1400560224089523, 1.001751313485102]",2024-01-30 06:13:00
EPRF,ALGO_RSI_EMA_ADX_CGPT,7,6,1,1.0824,0.0537,6.7143,0.2883,0.3916939421580748,0.8571428571428571,2024-01-22 16:00:00+00:00,13,RSI_EMA_ADX_CGPT_P1.5_L1.5_AVR_1H_STOCK_RESULTS,"[2023-12-18T20:00:00+00:00, 2023-12-29T16:00:00+00:00, 2024-01-04T21:00:00+00:00, 2024-01-05T18:00:00+00:00, 2024-01-08T19:00:00+00:00, 2024-01-11T17:00:00+00:00, 2024-01-16T21:00:00+00:00]","[2023-12-19T15:00:00+00:00, 2024-01-04T17:00:00+00:00, 2024-01-05T16:00:00+00:00, 2024-01-08T16:00:00+00:00, 2024-01-08T21:00:00+00:00, 2024-01-11T19:00:00+00:00, 2024-01-22T16:00:00+00:00]","[2.0, 20.0, 2.0, 5.0, 2.0, 2.0, 14.0]","[0.07499999999999929, -0.05099999999999838, 0.0730000000000004, 0.05100000000000193, 0.07800000000000296, 0.03999999999999915, 0.10999999999999943]","[0.4061738424045453, -0.2724358974358888, 0.3916939421580748, 0.27332654483092306, 0.4182305630026969, 0.2133333333333288, 0.5876068376068345]",2024-01-30 06:27:13
NULV,ALGO_RSI_EMA_ADX_CGPT,14,12,2,1.0758,0.1013,5.9286,0.2844,0.2594818740155127,0.8571428571428571,2024-01-29 21:00:00+00:00,6,RSI_EMA_ADX_CGPT_P1.5_L1.5_AVR_1H_STOCK_RESULTS,"[2023-12-18T16:00:00+00:00, 2023-12-18T21:00:00+00:00, 2023-12-20T20:00:00+00:00, 2023-12-29T17:00:00+00:00, 2024-01-03T16:00:00+00:00, 2024-01-05T17:00:00+00:00, 2024-01-09T16:00:00+00:00, 2024-01-09T19:00:00+00:00, 2024-01-10T16:00:00+00:00, 2024-01-11T16:00:00+00:00, 2024-01-12T20:00:00+00:00, 2024-01-16T16:00:00+00:00, 2024-01-24T19:00:00+00:00, 2024-01-29T16:00:00+00:00]","[2023-12-18T17:00:00+00:00, 2023-12-19T16:00:00+00:00, 2023-12-21T21:00:00+00:00, 2023-12-29T19:00:00+00:00, 2024-01-05T16:00:00+00:00, 2024-01-08T16:00:00+00:00, 2024-01-09T17:00:00+00:00, 2024-01-09T21:00:00+00:00, 2024-01-10T20:00:00+00:00, 2024-01-12T19:00:00+00:00, 2024-01-12T21:00:00+00:00, 2024-01-18T21:00:00+00:00, 2024-01-25T20:00:00+00:00, 2024-01-29T21:00:00+00:00]","[1.0, 2.0, 8.0, 2.0, 14.0, 6.0, 1.0, 2.0, 4.0, 10.0, 1.0, 19.0, 8.0, 5.0]","[0.07500000000000284, 0.20600000000000307, 0.17999999999999972, 0.036999999999999034, 0.1599999999999966, 0.03999999999999915, 0.10999999999999943, -0.020000000000003126, 0.12100000000000222, 0.22999999999999687, 0.027999999999998693, -0.060000000000002274, 0.07100000000000506, 0.240000000000002]","[0.21204410517388422, 0.5824144755442553, 0.5104934770277928, 0.10331443889090285, 0.4473022085546452, 0.11179429849077459, 0.30691964285714124, -0.055663790704155655, 0.3380832634814256, 0.6460674157303283, 0.0782735100078237, -0.16839741790626514, 0.19857917995190766, 0.6707657909446674]",2024-01-30 06:47:23
PVAL,ALGO_RSI_EMA_ADX_CGPT,9,8,1,0.9036,0.0870,6.7778,0.2777,0.34976152623211265,0.8888888888888888,2024-01-18 21:00:00+00:00,17,RSI_EMA_ADX_CGPT_P1.5_L1.5_AVR_1H_STOCK_RESULTS,"[2023-12-29T19:00:00+00:00, 2024-01-03T16:00:00+00:00, 2024-01-03T21:00:00+00:00, 2024-01-04T18:00:00+00:00, 2024-01-05T17:00:00+00:00, 2024-01-09T16:00:00+00:00, 2024-01-10T16:00:00+00:00, 2024-01-11T16:00:00+00:00, 2024-01-12T16:00:00+00:00]","[2023-12-29T20:00:00+00:00, 2024-01-03T20:00:00+00:00, 2024-01-04T16:00:00+00:00, 2024-01-05T16:00:00+00:00, 2024-01-08T20:00:00+00:00, 2024-01-09T21:00:00+00:00, 2024-01-10T20:00:00+00:00, 2024-01-11T21:00:00+00:00, 2024-01-18T21:00:00+00:00]","[1.0, 3.0, 2.0, 5.0, 10.0, 5.0, 4.0, 5.0, 26.0]","[0.045000000000001705, 0.12300000000000111, 0.10999999999999943, 0.03999999999999915, 0.14000000000000057, 0.054999999999999716, 0.10999999999999943, 0.26000000000000156, -0.09999999999999787]","[0.1429025087329365, 0.3917571742523207, 0.34976152623211265, 0.127186009538948, 0.4460019114367651, 0.1750756008276292, 0.35098915124441427, 0.834403080872919, -0.3191828917969929]",2024-01-30 06:52:30
VSDA,ALGO_RSI_EMA_ADX_CGPT,7,7,0,1.7189,0.1287,8.4286,0.2743,0.29749256268593405,1.0,2024-01-29 19:00:00+00:00,6,RSI_EMA_ADX_CGPT_P1.5_L1.5_AVR_1H_STOCK_RESULTS,"[2024-01-04T16:00:00+00:00, 2024-01-09T17:00:00+00:00, 2024-01-11T16:00:00+00:00, 2024-01-12T17:00:00+00:00, 2024-01-16T16:00:00+00:00, 2024-01-24T19:00:00+00:00, 2024-01-29T18:00:00+00:00]","[2024-01-08T20:00:00+00:00, 2024-01-10T21:00:00+00:00, 2024-01-11T20:00:00+00:00, 2024-01-12T19:00:00+00:00, 2024-01-18T20:00:00+00:00, 2024-01-25T21:00:00+00:00, 2024-01-29T19:00:00+00:00]","[18.0, 8.0, 3.0, 2.0, 18.0, 9.0, 1.0]","[0.14000000000000057, 0.09100000000000108, 0.25, 0.0449999999999946, 0.18999999999999773, 0.14499999999999602, 0.03999999999999915]","[0.29749256268593405, 0.19338249357162818, 0.53475935828877, 0.0957039557634934, 0.405809483126864, 0.30801911842803187, 0.0847457627118626]",2024-01-30 07:07:00
CSX,ALGO_RSI_EMA_ADX_CGPT,22,19,3,0.9237,0.0939,3.3182,0.2736,0.21643460180467622,0.8636363636363636,2024-01-19 17:00:00+00:00,16,RSI_EMA_ADX_CGPT_P1.5_L1.5_AVR_1H_STOCK_RESULTS,"[2023-12-11T21:00:00+00:00, 2023-12-12T17:00:00+00:00, 2023-12-21T18:00:00+00:00, 2023-12-27T16:00:00+00:00, 2023-12-27T19:00:00+00:00, 2023-12-29T15:00:00+00:00, 2023-12-29T17:00:00+00:00, 2024-01-02T16:00:00+00:00, 2024-01-02T18:00:00+00:00, 2024-01-03T21:00:00+00:00, 2024-01-04T21:00:00+00:00, 2024-01-05T17:00:00+00:00, 2024-01-08T16:00:00+00:00, 2024-01-09T16:00:00+00:00, 2024-01-10T17:00:00+00:00, 2024-01-10T19:00:00+00:00, 2024-01-11T16:00:00+00:00, 2024-01-12T15:00:00+00:00, 2024-01-16T20:00:00+00:00, 2024-01-17T16:00:00+00:00, 2024-01-18T16:00:00+00:00, 2024-01-18T21:00:00+00:00]","[2023-12-12T16:00:00+00:00, 2023-12-13T20:00:00+00:00, 2023-12-21T20:00:00+00:00, 2023-12-27T17:00:00+00:00, 2023-12-28T18:00:00+00:00, 2023-12-29T16:00:00+00:00, 2023-12-29T20:00:00+00:00, 2024-01-02T17:00:00+00:00, 2024-01-03T17:00:00+00:00, 2024-01-04T15:00:00+00:00, 2024-01-05T16:00:00+00:00, 2024-01-08T15:00:00+00:00, 2024-01-08T20:00:00+00:00, 2024-01-10T15:00:00+00:00, 2024-01-10T18:00:00+00:00, 2024-01-10T20:00:00+00:00, 2024-01-11T20:00:00+00:00, 2024-01-12T18:00:00+00:00, 2024-01-16T21:00:00+00:00, 2024-01-18T15:00:00+00:00, 2024-01-18T20:00:00+00:00, 2024-01-19T17:00:00+00:00]","[2.0, 10.0, 2.0, 1.0, 6.0, 1.0, 3.0, 1.0, 6.0, 1.0, 2.0, 5.0, 4.0, 6.0, 1.0, 1.0, 4.0, 3.0, 1.0, 6.0, 4.0, 3.0]","[0.16499999999999915, 0.07500000000000284, 0.11499999999999488, 0.07000000000000028, 0.035000000000003695, -0.005000000000002558, 0.14499999999999602, 0.07000000000000028, 0.07500000000000284, 0.16499999999999915, 0.07000000000000028, -0.125, 0.14499999999999602, 0.28999999999999915, 0.04999999999999716, 0.0800000000000054, 0.32499999999999574, 0.030000000000001137, 0.07499999999999574, -0.01999999999999602, 0.20000000000000284, 0.03499999999999659]","[0.4969879518072263, 0.2262443438914113, 0.33557046979864275, 0.2019036631093172, 0.10098095787652538, -0.014394702749395591, 0.419256903281758, 0.20202020202020285, 0.21645021645022464, 0.4759157773291005, 0.20155485171321708, -0.3603343903142116, 0.4199247031566638, 0.8442503639010165, 0.1446759259259177, 0.23144799652829567, 0.9483513276918463, 0.08649272019605343, 0.21641898715912777, -0.05816489748435662, 0.5828354946816344, 0.1015965166908464]",2024-01-30 06:23:02
ABBV,ALGO_RSI_EMA_ADX_CGPT,10,10,0,0.9428,0.4259,3.9000,0.2683,0.17489189861671245,1.0,2024-01-25 21:00:00+00:00,10,RSI_EMA_ADX_CGPT_P1.5_L1.5_AVR_1H_STOCK_RESULTS,"[2023-12-19T21:00:00+00:00, 2023-12-20T16:00:00+00:00, 2023-12-29T18:00:00+00:00, 2024-01-08T19:00:00+00:00, 2024-01-09T21:00:00+00:00, 2024-01-11T18:00:00+00:00, 2024-01-16T16:00:00+00:00, 2024-01-16T21:00:00+00:00, 2024-01-17T19:00:00+00:00, 2024-01-24T19:00:00+00:00, 2024-01-26T16:00:00+00:00]","[2023-12-20T15:00:00+00:00, 2023-12-22T15:00:00+00:00, 2023-12-29T20:00:00+00:00, 2024-01-08T20:00:00+00:00, 2024-01-10T16:00:00+00:00, 2024-01-11T19:00:00+00:00, 2024-01-16T20:00:00+00:00, 2024-01-17T16:00:00+00:00, 2024-01-18T16:00:00+00:00, 2024-01-25T21:00:00+00:00]","[1.0, 13.0, 2.0, 1.0, 2.0, 1.0, 4.0, 2.0, 4.0, 9.0]","[0.09000000000000341, 1.2199999999999989, 0.0630000000000166, 0.5099999999999909, 0.3190000000000168, 0.3459999999999752, 0.24500000000000455, 1.2450000000000045, 0.1419999999999959, 0.07900000000000773]","[0.05858612159875238, 0.794477728575149, 0.0407661446874703, 0.3186305135574103, 0.1984324458820707, 0.21396194445645328, 0.15135135135135416, 0.7710171853228082, 0.08760024676125597, 0.047855295279291825]",2024-01-30 06:10:47
VDC,ALGO_RSI_EMA_ADX_CGPT,15,13,2,0.7223,0.4987,4.2667,0.2630,0.32027722356399513,0.8666666666666667,2024-01-25 21:00:00+00:00,10,RSI_EMA_ADX_CGPT_P1.5_L1.5_AVR_1H_STOCK_RESULTS,"[2023-12-12T15:00:00+00:00, 2023-12-12T18:00:00+00:00, 2023-12-15T18:00:00+00:00, 2024-01-02T15:00:00+00:00, 2024-01-03T15:00:00+00:00, 2024-01-03T21:00:00+00:00, 2024-01-04T20:00:00+00:00, 2024-01-05T17:00:00+00:00, 2024-01-11T15:00:00+00:00, 2024-01-16T15:00:00+00:00, 2024-01-16T17:00:00+00:00, 2024-01-19T15:00:00+00:00, 2024-01-22T16:00:00+00:00, 2024-01-24T21:00:00+00:00, 2024-01-25T16:00:00+00:00]","[2023-12-12T16:00:00+00:00, 2023-12-12T20:00:00+00:00, 2023-12-18T16:00:00+00:00, 2024-01-02T16:00:00+00:00, 2024-01-03T16:00:00+00:00, 2024-01-04T16:00:00+00:00, 2024-01-05T16:00:00+00:00, 2024-01-08T16:00:00+00:00, 2024-01-11T19:00:00+00:00, 2024-01-16T16:00:00+00:00, 2024-01-18T21:00:00+00:00, 2024-01-22T15:00:00+00:00, 2024-01-23T16:00:00+00:00, 2024-01-25T15:00:00+00:00, 2024-01-25T21:00:00+00:00]","[1.0, 2.0, 5.0, 1.0, 1.0, 2.0, 3.0, 6.0, 4.0, 1.0, 18.0, 7.0, 7.0, 1.0, 5.0]","[0.16800000000000637, 0.7239999999999895, 1.710000000000008, 0.6899999999999977, -0.6899999999999977, 0.6750000000000114, 0.12600000000000477, 0.6099999999999852, 0.0800000000000125, 0.23699999999999477, -0.47999999999998977, 0.13000000000002387, 1.039999999999992, 0.7199999999999989, 1.740000000000009]","[0.08939023092476661, 0.38615186862302164, 0.9033757726240204, 0.35903840149859384, -0.35755000518188296, 0.3525908900961196, 0.06582246740220911, 0.32027722356399513, 0.041673178100751426, 0.12319367917662688, -0.24992189940643014, 0.06827013969122145, 0.5457025920873082, 0.37980693147649885, 0.916996047430835]",2024-01-30 07:05:57
BBLU,ALGO_RSI_EMA_ADX_CGPT,8,7,1,0.823,0.0271,6.0000,0.2629,0.21810576074453245,0.875,2024-01-18 20:00:00+00:00,17,RSI_EMA_ADX_CGPT_P1.5_L1.5_AVR_1H_STOCK_RESULTS,"[2023-12-21T15:00:00+00:00, 2023-12-22T20:00:00+00:00, 2023-12-29T16:00:00+00:00, 2024-01-02T16:00:00+00:00, 2024-01-04T18:00:00+00:00, 2024-01-05T17:00:00+00:00, 2024-01-17T19:00:00+00:00, 2024-01-18T18:00:00+00:00]","[2023-12-22T16:00:00+00:00, 2023-12-26T16:00:00+00:00, 2024-01-02T15:00:00+00:00, 2024-01-04T17:00:00+00:00, 2024-01-05T16:00:00+00:00, 2024-01-08T15:00:00+00:00, 2024-01-18T16:00:00+00:00, 2024-01-18T20:00:00+00:00]","[8.0, 3.0, 6.0, 15.0, 5.0, 5.0, 4.0, 2.0]","[0.08199999999999896, 0.019999999999999574, -0.03500000000000014, 0.014999999999998792, 0.019999999999999574, 0.025000000000000355, 0.040000000000000924, 0.049999999999998934]","[0.7985975847292458, 0.19361084220715946, -0.3380009657170463, 0.14513788098692587, 0.19361084220715946, 0.24260067928190543, 0.38610038610039504, 0.4812319538017222]",2024-01-30 06:15:53
RSG,ALGO_RSI_EMA_ADX_CGPT,11,10,1,0.7895,0.4208,5.8182,0.2577,0.2470672318612052,0.9090909090909091,2024-01-11 20:00:00+00:00,24,RSI_EMA_ADX_CGPT_P1.5_L1.5_AVR_1H_STOCK_RESULTS,"[2023-12-14T16:00:00+00:00, 2023-12-19T16:00:00+00:00, 2023-12-20T19:00:00+00:00, 2023-12-22T17:00:00+00:00, 2023-12-26T16:00:00+00:00, 2023-12-26T21:00:00+00:00, 2024-01-03T21:00:00+00:00, 2024-01-04T21:00:00+00:00, 2024-01-09T17:00:00+00:00, 2024-01-10T17:00:00+00:00, 2024-01-11T16:00:00+00:00]","[2023-12-18T16:00:00+00:00, 2023-12-20T18:00:00+00:00, 2023-12-22T16:00:00+00:00, 2023-12-22T19:00:00+00:00, 2023-12-26T17:00:00+00:00, 2023-12-27T16:00:00+00:00, 2024-01-04T16:00:00+00:00, 2024-01-08T21:00:00+00:00, 2024-01-09T21:00:00+00:00, 2024-01-10T18:00:00+00:00, 2024-01-11T20:00:00+00:00]","[14.0, 9.0, 11.0, 2.0, 1.0, 2.0, 2.0, 14.0, 4.0, 1.0, 4.0]","[0.8130000000000166, 0.4749999999999943, -0.5900000000000034, 0.48500000000001364, 0.40100000000001046, 0.11000000000001364, 1.539999999999992, 0.21000000000000796, 0.12000000000000455, 0.2849999999999966, 0.7800000000000011]","[0.4968010412656612, 0.2916884153643, -0.36180781259581984, 0.2990873211642906, 0.2470672318612052, 0.0676756490710063, 0.9406303444905888, 0.12791618444296032, 0.07331826235718492, 0.17411491584445526, 0.4777655273796405]",2024-01-30 06:55:13
HUSV,ALGO_RSI_EMA_ADX_CGPT,7,6,1,1.2247,0.0863,4.7143,0.2574,0.2325928134784642,0.8571428571428571,2024-01-29 18:00:00+00:00,6,RSI_EMA_ADX_CGPT_P1.5_L1.5_AVR_1H_STOCK_RESULTS,"[2023-12-20T17:00:00+00:00, 2024-01-03T21:00:00+00:00, 2024-01-05T15:00:00+00:00, 2024-01-09T16:00:00+00:00, 2024-01-11T18:00:00+00:00, 2024-01-17T20:00:00+00:00, 2024-01-29T16:00:00+00:00]","[2023-12-22T17:00:00+00:00, 2024-01-04T17:00:00+00:00, 2024-01-08T20:00:00+00:00, 2024-01-09T18:00:00+00:00, 2024-01-11T20:00:00+00:00, 2024-01-18T20:00:00+00:00, 2024-01-29T18:00:00+00:00]","[10.0, 2.0, 9.0, 2.0, 2.0, 7.0, 1.0]","[0.054999999999999716, 0.14999999999999858, 0.10699999999999932, -0.0030000000000001137, 0.07800000000000296, 0.19999999999999574, 0.017000000000003013]","[0.16528925619834625, 0.4476275738585455, 0.31927908572792446, -0.008951750067138466, 0.2325928134784642, 0.5959475566150051, 0.049897270325808665]",2024-01-30 06:35:48
FTLS,ALGO_RSI_EMA_ADX_CGPT,9,8,1,0.6806,0.1448,4.2222,0.2542,0.19545131485429892,0.8888888888888888,2024-01-18 19:00:00+00:00,17,RSI_EMA_ADX_CGPT_P1.5_L1.5_AVR_1H_STOCK_RESULTS,"[2023-12-27T16:00:00+00:00, 2023-12-28T19:00:00+00:00, 2023-12-29T16:00:00+00:00, 2024-01-04T17:00:00+00:00, 2024-01-05T18:00:00+00:00, 2024-01-05T20:00:00+00:00, 2024-01-17T16:00:00+00:00, 2024-01-17T18:00:00+00:00, 2024-01-18T18:00:00+00:00]","[2023-12-27T17:00:00+00:00, 2023-12-28T21:00:00+00:00, 2024-01-04T16:00:00+00:00, 2024-01-05T16:00:00+00:00, 2024-01-05T19:00:00+00:00, 2024-01-08T15:00:00+00:00, 2024-01-17T17:00:00+00:00, 2024-01-17T21:00:00+00:00, 2024-01-18T19:00:00+00:00]","[1.0, 2.0, 21.0, 6.0, 1.0, 2.0, 1.0, 3.0, 1.0]","[0.03499999999999659, 0.03999999999999915, -0.125, 0.10999999999999943, 0.10999999999999943, 0.24499999999999744, 0.240000000000002, 0.6300000000000026, 0.018000000000000682]","[0.061848383106549894, 0.07065889418830446, -0.22114108801415305, 0.19545131485429892, 0.19545131485429892, 0.4364867272403304, 0.41943376441803915, 1.0981349137179754, 0.03134796238244633]",2024-01-30 06:31:39
VFH,ALGO_RSI_EMA_ADX_CGPT,10,9,1,0.672,0.2322,5.8000,0.2529,0.26972137575009436,0.9,2024-01-18 21:00:00+00:00,17,RSI_EMA_ADX_CGPT_P1.5_L1.5_AVR_1H_STOCK_RESULTS,"[2024-01-02T20:00:00+00:00, 2024-01-03T15:00:00+00:00, 2024-01-04T20:00:00+00:00, 2024-01-05T20:00:00+00:00, 2024-01-08T16:00:00+00:00, 2024-01-09T16:00:00+00:00, 2024-01-09T18:00:00+00:00, 2024-01-11T15:00:00+00:00, 2024-01-12T16:00:00+00:00, 2024-01-17T16:00:00+00:00]","[2024-01-02T21:00:00+00:00, 2024-01-04T16:00:00+00:00, 2024-01-05T16:00:00+00:00, 2024-01-05T21:00:00+00:00, 2024-01-08T19:00:00+00:00, 2024-01-09T17:00:00+00:00, 2024-01-10T20:00:00+00:00, 2024-01-12T15:00:00+00:00, 2024-01-17T15:00:00+00:00, 2024-01-18T21:00:00+00:00]","[1.0, 8.0, 3.0, 1.0, 3.0, 1.0, 9.0, 7.0, 13.0, 12.0]","[0.3500000000000085, 0.7900000000000063, 0.5840000000000032, 0.23000000000000398, 0.1700000000000017, 0.29300000000000637, 0.13000000000000966, 0.26500000000000057, -0.5100000000000051, 0.01999999999999602]","[0.3804761387107387, 0.8642380483535788, 0.6355701630281035, 0.2502992708673457, 0.18486298390604797, 0.31897405750242913, 0.14119691539047427, 0.28914348063284295, -0.5578647998249892, 0.0220191566662953]",2024-01-30 07:06:02
ECAT,ALGO_RSI_EMA_ADX_CGPT,9,8,1,1.3538,0.0406,5.6667,0.2499,0.21518598217030518,0.8888888888888888,2024-01-19 16:00:00+00:00,16,RSI_EMA_ADX_CGPT_P1.5_L1.5_AVR_1H_STOCK_RESULTS,"[2023-12-28T19:00:00+00:00, 2023-12-29T16:00:00+00:00, 2024-01-10T15:00:00+00:00, 2024-01-10T19:00:00+00:00, 2024-01-11T16:00:00+00:00, 2024-01-12T19:00:00+00:00, 2024-01-16T15:00:00+00:00, 2024-01-16T19:00:00+00:00, 2024-01-18T20:00:00+00:00]","[2023-12-29T15:00:00+00:00, 2024-01-04T16:00:00+00:00, 2024-01-10T16:00:00+00:00, 2024-01-10T20:00:00+00:00, 2024-01-12T16:00:00+00:00, 2024-01-12T21:00:00+00:00, 2024-01-16T17:00:00+00:00, 2024-01-18T16:00:00+00:00, 2024-01-19T16:00:00+00:00]","[3.0, 21.0, 1.0, 1.0, 7.0, 2.0, 2.0, 11.0, 3.0]","[-0.004999999999999005, 0.030000000000001137, 0.05299999999999727, 0.019999999999999574, 0.07499999999999929, 0.00999999999999801, 0.08200000000000074, 0.03500000000000014, 0.06500000000000128]","[-0.03061849357011026, 0.18558614290133707, 0.32625423207138976, 0.12287276525157935, 0.46097111247694705, 0.06148170919150329, 0.5059230009871715, 0.21518598217030518, 0.4016064257028192]",2024-01-30 06:25:57
DGRW,ALGO_RSI_EMA_ADX_CGPT,8,7,1,1.0109,0.1756,4.6250,0.2483,0.2853647153594372,0.875,2024-01-29 21:00:00+00:00,6,RSI_EMA_ADX_CGPT_P1.5_L1.5_AVR_1H_STOCK_RESULTS,"[2024-01-03T17:00:00+00:00, 2024-01-05T16:00:00+00:00, 2024-01-09T16:00:00+00:00, 2024-01-11T16:00:00+00:00, 2024-01-17T18:00:00+00:00, 2024-01-18T18:00:00+00:00, 2024-01-26T19:00:00+00:00, 2024-01-29T16:00:00+00:00]","[2024-01-05T15:00:00+00:00, 2024-01-08T18:00:00+00:00, 2024-01-09T17:00:00+00:00, 2024-01-11T19:00:00+00:00, 2024-01-18T16:00:00+00:00, 2024-01-18T19:00:00+00:00, 2024-01-26T20:00:00+00:00, 2024-01-29T21:00:00+00:00]","[12.0, 9.0, 1.0, 3.0, 5.0, 1.0, 1.0, 5.0]","[-0.14000000000000057, 0.028999999999996362, 0.24499999999999034, 0.22999999999998977, 0.24099999999999966, 0.1700000000000017, 0.16499999999999204, 0.4650000000000034]","[-0.2006880733944962, 0.04151694320767972, 0.35050071530756843, 0.32814952204307285, 0.3445367339061311, 0.24257990867580154, 0.23033433377537801, 0.6496681802305322]",2024-01-30 06:24:22
DLN,ALGO_RSI_EMA_ADX_CGPT,12,11,1,0.8699,0.1603,5.0833,0.2417,0.1733688696728847,0.9166666666666666,2024-01-25 15:00:00+00:00,10,RSI_EMA_ADX_CGPT_P1.5_L1.5_AVR_1H_STOCK_RESULTS,"[2023-12-20T20:00:00+00:00, 2023-12-29T17:00:00+00:00, 2024-01-03T16:00:00+00:00, 2024-01-03T21:00:00+00:00, 2024-01-04T18:00:00+00:00, 2024-01-05T17:00:00+00:00, 2024-01-09T16:00:00+00:00, 2024-01-10T17:00:00+00:00, 2024-01-11T16:00:00+00:00, 2024-01-12T16:00:00+00:00, 2024-01-16T16:00:00+00:00, 2024-01-24T21:00:00+00:00]","[2023-12-22T16:00:00+00:00, 2023-12-29T20:00:00+00:00, 2024-01-03T20:00:00+00:00, 2024-01-04T16:00:00+00:00, 2024-01-05T16:00:00+00:00, 2024-01-08T18:00:00+00:00, 2024-01-09T17:00:00+00:00, 2024-01-10T19:00:00+00:00, 2024-01-11T20:00:00+00:00, 2024-01-12T18:00:00+00:00, 2024-01-18T21:00:00+00:00, 2024-01-25T15:00:00+00:00]","[10.0, 3.0, 4.0, 2.0, 5.0, 8.0, 1.0, 2.0, 4.0, 2.0, 19.0, 1.0]","[0.3889999999999958, 0.10999999999999943, 0.0870000000000033, 0.28600000000000136, 0.12000000000000455, 0.10999999999999943, 0.15000000000000568, 0.06199999999999761, 0.28000000000000114, 0.09900000000000375, -0.2400000000000091, 0.46999999999999886]","[0.592256512537866, 0.16596258298129063, 0.1312613156306628, 0.43156782858005344, 0.18075011296882745, 0.16598762637694195, 0.22607385079126707, 0.0933594338202042, 0.42296072507553045, 0.14900437982571568, -0.3614457831325438, 0.7026461354462533]",2024-01-30 06:24:48
MET,ALGO_RSI_EMA_ADX_CGPT,8,8,0,1.1626,0.1570,4.3750,0.2381,0.15140393468888033,1.0,2024-01-19 16:00:00+00:00,16,RSI_EMA_ADX_CGPT_P1.5_L1.5_AVR_1H_STOCK_RESULTS,"[2023-12-18T18:00:00+00:00, 2023-12-20T20:00:00+00:00, 2023-12-26T16:00:00+00:00, 2023-12-27T16:00:00+00:00, 2023-12-27T20:00:00+00:00, 2023-12-29T17:00:00+00:00, 2023-12-29T19:00:00+00:00, 2024-01-16T21:00:00+00:00]","[2023-12-19T15:00:00+00:00, 2023-12-22T16:00:00+00:00, 2023-12-26T17:00:00+00:00, 2023-12-27T17:00:00+00:00, 2023-12-27T21:00:00+00:00, 2023-12-29T18:00:00+00:00, 2023-12-29T20:00:00+00:00, 2024-01-19T16:00:00+00:00]","[4.0, 10.0, 1.0, 1.0, 1.0, 1.0, 1.0, 16.0]","[0.2360000000000042, 0.45000000000000284, 0.07500000000000284, 0.18999999999999773, 0.05000000000001137, 0.0899999999999892, 0.10999999999999943, 0.05500000000000682]","[0.35852639574630335, 0.6849315068493194, 0.11392116655274984, 0.28827188590501857, 0.0757690559175805, 0.1363429783365993, 0.16646489104116136, 0.08062151861625157]",2024-01-30 06:44:08
ESGRO,ALGO_RSI_EMA_ADX_CGPT,9,8,1,0.9972,0.0584,2.2222,0.2347,0.22657054582904107,0.8888888888888888,2024-01-25 17:00:00+00:00,10,RSI_EMA_ADX_CGPT_P1.5_L1.5_AVR_1H_STOCK_RESULTS,"[2023-12-26T16:00:00+00:00, 2024-01-05T18:00:00+00:00, 2024-01-09T21:00:00+00:00, 2024-01-10T20:00:00+00:00, 2024-01-17T21:00:00+00:00, 2024-01-18T19:00:00+00:00, 2024-01-23T17:00:00+00:00, 2024-01-24T16:00:00+00:00, 2024-01-24T21:00:00+00:00]","[2023-12-26T17:00:00+00:00, 2024-01-05T19:00:00+00:00, 2024-01-10T18:00:00+00:00, 2024-01-12T15:00:00+00:00, 2024-01-18T18:00:00+00:00, 2024-01-19T20:00:00+00:00, 2024-01-23T20:00:00+00:00, 2024-01-24T20:00:00+00:00, 2024-01-25T17:00:00+00:00]","[1.0, 1.0, 1.0, 6.0, 2.0, 5.0, 1.0, 2.0, 1.0]","[0.054999999999999716, 0.005000000000002558, 0.08999999999999986, 0.06700000000000017, -0.019999999999999574, 0.1650000000000027, 0.04800000000000182, 0.11299999999999955, 0.0030000000000001137]","[0.22657054582904107, 0.020024028834611768, 0.36144578313252956, 0.26821457165732654, -0.07993605115907104, 0.6611901422560718, 0.19062748212868078, 0.4518192722910817, 0.011941249054651569]",2024-01-30 06:27:38
DIA,ALGO_RSI_EMA_ADX_CGPT,12,12,0,1.304,0.8770,4.5833,0.2336,0.2446814542784998,1.0,2024-01-25 19:00:00+00:00,10,RSI_EMA_ADX_CGPT_P1.5_L1.5_AVR_1H_STOCK_RESULTS,"[2024-01-02T20:00:00+00:00, 2024-01-03T16:00:00+00:00, 2024-01-04T18:00:00+00:00, 2024-01-09T16:00:00+00:00, 2024-01-09T20:00:00+00:00, 2024-01-10T15:00:00+00:00, 2024-01-11T16:00:00+00:00, 2024-01-12T16:00:00+00:00, 2024-01-12T20:00:00+00:00, 2024-01-16T15:00:00+00:00, 2024-01-24T21:00:00+00:00, 2024-01-25T18:00:00+00:00]","[2024-01-02T21:00:00+00:00, 2024-01-04T16:00:00+00:00, 2024-01-08T20:00:00+00:00, 2024-01-09T17:00:00+00:00, 2024-01-09T21:00:00+00:00, 2024-01-10T16:00:00+00:00, 2024-01-11T19:00:00+00:00, 2024-01-12T19:00:00+00:00, 2024-01-12T21:00:00+00:00, 2024-01-18T20:00:00+00:00, 2024-01-25T15:00:00+00:00, 2024-01-25T19:00:00+00:00]","[1.0, 7.0, 16.0, 1.0, 1.0, 1.0, 3.0, 3.0, 1.0, 19.0, 1.0, 1.0]","[1.150000000000034, 1.9099999999999682, 0.7509999999999764, 1.2800000000000296, 0.22000000000002728, 0.19999999999998863, 1.5400000000000205, 1.0850000000000364, 0.3800000000000523, 0.09800000000001319, 1.75, 0.160000000000025]","[0.3058917409230042, 0.5101904532948602, 0.20003729057346945, 0.34223683858721143, 0.05866353794465023, 0.05320988639688952, 0.4106557158475829, 0.2893256179835301, 0.1011903176843534, 0.02621021663546756, 0.46285275992488567, 0.04229335729957574]",2024-01-30 06:24:41
XLP,ALGO_RSI_EMA_ADX_CGPT,11,10,1,1.1311,0.1625,6.9091,0.2263,0.23555493972565014,0.9090909090909091,2024-01-25 21:00:00+00:00,10,RSI_EMA_ADX_CGPT_P1.5_L1.5_AVR_1H_STOCK_RESULTS,"[2023-12-14T21:00:00+00:00, 2023-12-15T18:00:00+00:00, 2023-12-20T16:00:00+00:00, 2024-01-04T21:00:00+00:00, 2024-01-05T17:00:00+00:00, 2024-01-11T16:00:00+00:00, 2024-01-16T17:00:00+00:00, 2024-01-17T17:00:00+00:00, 2024-01-19T15:00:00+00:00, 2024-01-19T21:00:00+00:00, 2024-01-24T16:00:00+00:00]","[2023-12-15T17:00:00+00:00, 2023-12-18T16:00:00+00:00, 2023-12-22T16:00:00+00:00, 2024-01-05T16:00:00+00:00, 2024-01-08T16:00:00+00:00, 2024-01-11T19:00:00+00:00, 2024-01-17T16:00:00+00:00, 2024-01-18T21:00:00+00:00, 2024-01-19T20:00:00+00:00, 2024-01-23T16:00:00+00:00, 2024-01-25T21:00:00+00:00]","[3.0, 5.0, 14.0, 2.0, 6.0, 3.0, 6.0, 11.0, 5.0, 9.0, 12.0]","[0.10999999999999943, 0.1110000000000042, 0.22999999999998977, 0.1700000000000017, 0.20000000000000284, 0.25499999999999545, 0.08499999999999375, -0.16499999999999204, 0.37999999999999545, 0.29999999999999716, 0.1110000000000042]","[0.15440763615946018, 0.1557042460968792, 0.3238980425292068, 0.23555493972565014, 0.2778163633838073, 0.35325898732423, 0.11732229123532609, -0.22782188470830797, 0.5288060116893897, 0.4163775156141529, 0.1538056506256207]",2024-01-30 07:09:17
ROST,ALGO_RSI_EMA_ADX_CGPT,8,7,1,1.3672,0.3068,5.3750,0.2258,0.2831074824328114,0.875,2024-01-18 19:00:00+00:00,17,RSI_EMA_ADX_CGPT_P1.5_L1.5_AVR_1H_STOCK_RESULTS,"[2024-01-02T18:00:00+00:00, 2024-01-03T16:00:00+00:00, 2024-01-09T16:00:00+00:00, 2024-01-09T18:00:00+00:00, 2024-01-11T15:00:00+00:00, 2024-01-16T17:00:00+00:00, 2024-01-17T18:00:00+00:00, 2024-01-18T18:00:00+00:00]","[2024-01-02T21:00:00+00:00, 2024-01-08T20:00:00+00:00, 2024-01-09T17:00:00+00:00, 2024-01-09T19:00:00+00:00, 2024-01-11T20:00:00+00:00, 2024-01-16T19:00:00+00:00, 2024-01-18T16:00:00+00:00, 2024-01-18T19:00:00+00:00]","[3.0, 25.0, 1.0, 1.0, 5.0, 2.0, 5.0, 1.0]","[0.08500000000000796, -0.14000000000001478, 0.35900000000000887, 0.3100000000000023, 0.5, 0.5200000000000102, 0.4099999999999966, 0.410000000000025]","[0.06177550056325299, -0.1030927835051655, 0.265120744405885, 0.2288836385115197, 0.36919441778040313, 0.38215624311017143, 0.3011163337250269, 0.3010942204597378]",2024-01-30 06:55:06
AMJ,ALGO_RSI_EMA_ADX_CGPT,16,14,2,0.6221,0.0538,3.8750,0.2116,0.182095007024152,0.875,2024-01-22 16:00:00+00:00,13,RSI_EMA_ADX_CGPT_P1.5_L1.5_AVR_1H_STOCK_RESULTS,"[2023-12-26T21:00:00+00:00, 2023-12-27T17:00:00+00:00, 2023-12-27T21:00:00+00:00, 2023-12-28T21:00:00+00:00, 2023-12-29T17:00:00+00:00, 2024-01-02T20:00:00+00:00, 2024-01-04T21:00:00+00:00, 2024-01-05T20:00:00+00:00, 2024-01-08T16:00:00+00:00, 2024-01-08T21:00:00+00:00, 2024-01-10T15:00:00+00:00, 2024-01-10T17:00:00+00:00, 2024-01-10T21:00:00+00:00, 2024-01-11T18:00:00+00:00, 2024-01-12T15:00:00+00:00, 2024-01-17T16:00:00+00:00]","[2023-12-27T16:00:00+00:00, 2023-12-27T20:00:00+00:00, 2023-12-28T15:00:00+00:00, 2023-12-29T16:00:00+00:00, 2024-01-02T19:00:00+00:00, 2024-01-03T15:00:00+00:00, 2024-01-05T16:00:00+00:00, 2024-01-05T21:00:00+00:00, 2024-01-08T20:00:00+00:00, 2024-01-09T21:00:00+00:00, 2024-01-10T16:00:00+00:00, 2024-01-10T19:00:00+00:00, 2024-01-11T15:00:00+00:00, 2024-01-11T21:00:00+00:00, 2024-01-12T16:00:00+00:00, 2024-01-22T16:00:00+00:00]","[2.0, 3.0, 1.0, 2.0, 9.0, 2.0, 2.0, 1.0, 4.0, 7.0, 1.0, 2.0, 1.0, 3.0, 1.0, 21.0]","[0.05000000000000071, 0.01899999999999835, 0.09999999999999787, 0.0990000000000002, 0.00999999999999801, 0.08999999999999986, 0.21000000000000085, 0.03500000000000014, 0.14000000000000057, 0.05000000000000071, -0.0849999999999973, 0.04299999999999926, 0.019999999999999574, 0.00999999999999801, -0.10999999999999943, 0.17999999999999972]","[0.19646365422397138, 0.07465325527483538, 0.393391030684492, 0.38976377952755986, 0.03930817610062111, 0.35488958990536223, 0.8222396241190323, 0.13679890560875568, 0.5500982318271143, 0.1956947162426642, -0.3313840155945314, 0.16849529780563974, 0.07827788649706291, 0.0391696043869879, -0.42735042735042517, 0.7050528789659214]",2024-01-30 06:12:55
CWS,ALGO_RSI_EMA_ADX_CGPT,7,6,1,0.6929,0.1217,2.5714,0.2087,0.10224948875256011,0.8571428571428571,2024-01-25 20:00:00+00:00,10,RSI_EMA_ADX_CGPT_P1.5_L1.5_AVR_1H_STOCK_RESULTS,"[2024-01-08T16:00:00+00:00, 2024-01-09T15:00:00+00:00, 2024-01-09T17:00:00+00:00, 2024-01-17T18:00:00+00:00, 2024-01-18T19:00:00+00:00, 2024-01-24T21:00:00+00:00, 2024-01-25T16:00:00+00:00]","[2024-01-08T21:00:00+00:00, 2024-01-09T16:00:00+00:00, 2024-01-09T18:00:00+00:00, 2024-01-18T16:00:00+00:00, 2024-01-18T20:00:00+00:00, 2024-01-25T15:00:00+00:00, 2024-01-25T20:00:00+00:00]","[5.0, 1.0, 1.0, 5.0, 1.0, 1.0, 4.0]","[0.41900000000000404, 0.05100000000000193, 0.00999999999999801, 0.09499999999999886, 0.060000000000002274, 0.30700000000000216, -0.09000000000000341]","[0.7232742400441975, 0.08785681062550937, 0.01714089818306138, 0.16281062553555933, 0.10224948875256011, 0.5193706648621251, -0.15174506828528647]",2024-01-30 06:23:17
FXB,ALGO_RSI_EMA_ADX_CGPT,15,14,1,0.7994,0.2517,4.6667,0.2066,0.14684287812041671,0.9333333333333333,2024-01-29 21:00:00+00:00,6,RSI_EMA_ADX_CGPT_P1.5_L1.5_AVR_1H_STOCK_RESULTS,"[2023-12-18T21:00:00+00:00, 2023-12-20T16:00:00+00:00, 2023-12-28T20:00:00+00:00, 2024-01-02T16:00:00+00:00, 2024-01-04T18:00:00+00:00, 2024-01-05T15:00:00+00:00, 2024-01-09T16:00:00+00:00, 2024-01-11T16:00:00+00:00, 2024-01-16T16:00:00+00:00, 2024-01-18T16:00:00+00:00, 2024-01-19T16:00:00+00:00, 2024-01-23T16:00:00+00:00, 2024-01-25T17:00:00+00:00, 2024-01-26T21:00:00+00:00, 2024-01-29T17:00:00+00:00]","[2023-12-19T16:00:00+00:00, 2023-12-21T20:00:00+00:00, 2023-12-29T15:00:00+00:00, 2024-01-04T16:00:00+00:00, 2024-01-04T21:00:00+00:00, 2024-01-05T16:00:00+00:00, 2024-01-10T16:00:00+00:00, 2024-01-11T18:00:00+00:00, 2024-01-18T15:00:00+00:00, 2024-01-18T19:00:00+00:00, 2024-01-19T20:00:00+00:00, 2024-01-24T16:00:00+00:00, 2024-01-25T21:00:00+00:00, 2024-01-29T15:00:00+00:00, 2024-01-29T21:00:00+00:00]","[2.0, 9.0, 2.0, 14.0, 3.0, 1.0, 6.0, 2.0, 12.0, 3.0, 2.0, 6.0, 3.0, 1.0, 4.0]","[0.7919999999999874, 0.12099999999999511, 0.18000000000000682, 0.730000000000004, 0.03999999999999204, 0.01999999999999602, 0.4399999999999977, 0.18999999999999773, 0.13000000000000966, 0.1909999999999883, 0.1700000000000017, 0.730000000000004, 0.12999999999999545, -0.33899999999999864, 0.25]","[0.6502996961983638, 0.09921367016783927, 0.14684287812041671, 0.6017640755090297, 0.03282185935832612, 0.01632519794302181, 0.3605670736704071, 0.15555919436711785, 0.10673234811166639, 0.15668580803936694, 0.1393328415703645, 0.598507829794215, 0.10640039286298532, -0.2771645818003423, 0.20473343706494143]",2024-01-30 06:31:58
RZB,ALGO_RSI_EMA_ADX_CGPT,8,7,1,0.7261,0.0519,4.8750,0.2052,0.2161564706984952,0.875,2024-01-26 21:00:00+00:00,9,RSI_EMA_ADX_CGPT_P1.5_L1.5_AVR_1H_STOCK_RESULTS,"[2024-01-05T18:00:00+00:00, 2024-01-08T19:00:00+00:00, 2024-01-10T20:00:00+00:00, 2024-01-12T19:00:00+00:00, 2024-01-16T16:00:00+00:00, 2024-01-17T18:00:00+00:00, 2024-01-18T17:00:00+00:00, 2024-01-26T19:00:00+00:00]","[2024-01-08T16:00:00+00:00, 2024-01-09T20:00:00+00:00, 2024-01-11T16:00:00+00:00, 2024-01-12T20:00:00+00:00, 2024-01-17T17:00:00+00:00, 2024-01-17T21:00:00+00:00, 2024-01-19T21:00:00+00:00, 2024-01-26T21:00:00+00:00]","[5.0, 6.0, 3.0, 1.0, 8.0, 3.0, 11.0, 2.0]","[-0.07000000000000028, 0.0400000000000027, 0.0799999999999983, 0.07000000000000028, 0.010000000000001563, 0.10000000000000142, 0.1700000000000017, 0.015000000000000568]","[-0.27591643673630384, 0.15704750687083904, 0.3147128245475936, 0.2752654345261513, 0.03937007874016364, 0.3957261574990163, 0.6764822920811847, 0.05899705014749486]",2024-01-30 06:55:41
BCAT,ALGO_RSI_EMA_ADX_CGPT,17,17,0,2.4062,0.0303,4.7059,0.2032,0.1817814582912612,1.0,2024-01-19 17:00:00+00:00,16,RSI_EMA_ADX_CGPT_P1.5_L1.5_AVR_1H_STOCK_RESULTS,"[2023-12-12T21:00:00+00:00, 2023-12-13T21:00:00+00:00, 2023-12-14T21:00:00+00:00, 2023-12-15T18:00:00+00:00, 2023-12-20T19:00:00+00:00, 2023-12-20T21:00:00+00:00, 2023-12-22T21:00:00+00:00, 2023-12-26T18:00:00+00:00, 2023-12-26T21:00:00+00:00, 2023-12-27T20:00:00+00:00, 2023-12-28T17:00:00+00:00, 2024-01-02T16:00:00+00:00, 2024-01-10T15:00:00+00:00, 2024-01-16T18:00:00+00:00, 2024-01-17T16:00:00+00:00, 2024-01-18T15:00:00+00:00, 2024-01-19T16:00:00+00:00]","[2023-12-13T20:00:00+00:00, 2023-12-14T16:00:00+00:00, 2023-12-15T17:00:00+00:00, 2023-12-18T16:00:00+00:00, 2023-12-20T20:00:00+00:00, 2023-12-21T19:00:00+00:00, 2023-12-26T16:00:00+00:00, 2023-12-26T20:00:00+00:00, 2023-12-27T17:00:00+00:00, 2023-12-28T16:00:00+00:00, 2023-12-29T19:00:00+00:00, 2024-01-04T19:00:00+00:00, 2024-01-11T20:00:00+00:00, 2024-01-16T21:00:00+00:00, 2024-01-17T21:00:00+00:00, 2024-01-18T16:00:00+00:00, 2024-01-19T17:00:00+00:00]","[6.0, 2.0, 3.0, 5.0, 1.0, 5.0, 2.0, 2.0, 3.0, 3.0, 9.0, 17.0, 12.0, 3.0, 5.0, 1.0, 1.0]","[0.049000000000001265, 0.0470000000000006, 0.0389999999999997, 0.019999999999999574, 0.02999999999999936, 0.0259999999999998, 0.03999999999999915, 0.009999999999999787, 0.025000000000000355, 0.025000000000000355, 0.05400000000000027, 0.027000000000001023, 0.03200000000000003, 0.018000000000000682, 0.019999999999999574, 0.019999999999999574, 0.032999999999999474]","[0.32987747408106416, 0.31579654639522003, 0.26244952893674095, 0.1346801346801318, 0.20107238605897695, 0.1745552198724391, 0.26746907388832597, 0.06688068485821153, 0.16733601070950707, 0.16722408026756092, 0.3622702267543289, 0.1817814582912612, 0.2145059659471781, 0.12042550344551203, 0.1339584728734064, 0.13360053440213476, 0.2205145339124589]",2024-01-30 06:15:57
XSEP,ALGO_RSI_EMA_ADX_CGPT,7,7,0,1.0852,0.0693,4.8571,0.1938,0.15715328057472466,1.0,2024-01-18 21:00:00+00:00,17,RSI_EMA_ADX_CGPT_P1.5_L1.5_AVR_1H_STOCK_RESULTS,"[2023-12-20T21:00:00+00:00, 2023-12-21T19:00:00+00:00, 2024-01-02T16:00:00+00:00, 2024-01-05T20:00:00+00:00, 2024-01-11T17:00:00+00:00, 2024-01-17T17:00:00+00:00, 2024-01-18T20:00:00+00:00]","[2023-12-21T18:00:00+00:00, 2023-12-21T21:00:00+00:00, 2024-01-05T16:00:00+00:00, 2024-01-08T19:00:00+00:00, 2024-01-11T20:00:00+00:00, 2024-01-18T16:00:00+00:00, 2024-01-18T21:00:00+00:00]","[2.0, 2.0, 19.0, 3.0, 1.0, 6.0, 1.0]","[0.055999999999997385, 0.09000000000000341, 0.012000000000000455, 0.19600000000000506, 0.0379999999999967, 0.08300000000000551, 0.00999999999999801]","[0.15715328057472466, 0.25245441795232376, 0.03351206434316481, 0.5491734379378119, 0.10572589171441962, 0.23115270003065008, 0.027777777777772253]",2024-01-30 07:09:17
IDV,ALGO_RSI_EMA_ADX_CGPT,8,7,1,0.7801,0.0527,4.8750,0.1894,0.20587875732576205,0.875,2024-01-11 15:00:00+00:00,24,RSI_EMA_ADX_CGPT_P1.5_L1.5_AVR_1H_STOCK_RESULTS,"[2023-12-20T19:00:00+00:00, 2023-12-27T15:00:00+00:00, 2023-12-29T17:00:00+00:00, 2024-01-02T16:00:00+00:00, 2024-01-05T18:00:00+00:00, 2024-01-05T20:00:00+00:00, 2024-01-09T16:00:00+00:00, 2024-01-10T16:00:00+00:00]","[2023-12-21T15:00:00+00:00, 2023-12-27T16:00:00+00:00, 2023-12-29T18:00:00+00:00, 2024-01-04T16:00:00+00:00, 2024-01-05T19:00:00+00:00, 2024-01-08T20:00:00+00:00, 2024-01-10T15:00:00+00:00, 2024-01-11T15:00:00+00:00]","[3.0, 1.0, 1.0, 14.0, 1.0, 7.0, 6.0, 6.0]","[0.125, 0.04899999999999949, 0.05000000000000071, 0.11499999999999844, 0.06499999999999773, 0.08299999999999841, 0.02500000000000213, -0.08999999999999986]","[0.45330915684496825, 0.17475035663337907, 0.17869907076483454, 0.4115962777380044, 0.23305844388668956, 0.2976510668818304, 0.09030160736861886, -0.32444124008651715]",2024-01-30 06:37:00
CHT,ALGO_RSI_EMA_ADX_CGPT,6,6,0,1.5742,0.0650,5.1667,0.1717,0.1443812814694847,1.0,2024-01-19 16:00:00+00:00,16,RSI_EMA_ADX_CGPT_P1.5_L1.5_AVR_1H_STOCK_RESULTS,"[2023-12-18T19:00:00+00:00, 2023-12-19T18:00:00+00:00, 2023-12-19T20:00:00+00:00, 2024-01-11T19:00:00+00:00, 2024-01-12T16:00:00+00:00, 2024-01-16T16:00:00+00:00]","[2023-12-19T17:00:00+00:00, 2023-12-19T19:00:00+00:00, 2023-12-19T21:00:00+00:00, 2024-01-11T20:00:00+00:00, 2024-01-12T18:00:00+00:00, 2024-01-19T16:00:00+00:00]","[5.0, 1.0, 1.0, 1.0, 2.0, 21.0]","[0.11999999999999744, 0.01999999999999602, 0.04999999999999716, 0.060000000000002274, 0.030000000000001137, 0.10999999999999943]","[0.31974420463628417, 0.05313496280551546, 0.13283740701380756, 0.15592515592516185, 0.07800312012480795, 0.2906208718626141]",2024-01-30 06:20:52
AEL,ALGO_RSI_EMA_ADX_CGPT,9,8,1,0.8084,0.0878,2.8889,0.1585,0.1260806916426518,0.8888888888888888,2024-01-26 18:00:00+00:00,9,RSI_EMA_ADX_CGPT_P1.5_L1.5_AVR_1H_STOCK_RESULTS,"[2023-12-12T17:00:00+00:00, 2023-12-12T21:00:00+00:00, 2023-12-13T19:00:00+00:00, 2023-12-15T21:00:00+00:00, 2024-01-23T18:00:00+00:00, 2024-01-23T21:00:00+00:00, 2024-01-24T21:00:00+00:00, 2024-01-25T17:00:00+00:00, 2024-01-26T17:00:00+00:00, 2024-01-26T21:00:00+00:00]","[2023-12-12T20:00:00+00:00, 2023-12-13T17:00:00+00:00, 2023-12-13T20:00:00+00:00, 2023-12-18T16:00:00+00:00, 2024-01-23T20:00:00+00:00, 2024-01-24T20:00:00+00:00, 2024-01-25T16:00:00+00:00, 2024-01-26T16:00:00+00:00, 2024-01-26T18:00:00+00:00]","[3.0, 3.0, 1.0, 2.0, 2.0, 6.0, 2.0, 6.0, 1.0]","[-0.005000000000002558, 0.10499999999999687, 0.3500000000000014, 0.030000000000001137, 0.10000000000000142, 0.07000000000000028, 0.060000000000002274, 0.00999999999999801, 0.07000000000000028]","[-0.009035872413486143, 0.1898905868523318, 0.6329113924050659, 0.05407354001442167, 0.18027762754642404, 0.12619433928249554, 0.108166576527857, 0.01801152737751803, 0.1260806916426518]",2024-01-30 06:11:27
VTV,ALGO_RSI_EMA_ADX_CGPT,7,6,1,0.8569,0.2341,5.8571,0.1568,0.09027986758952146,0.8571428571428571,2024-01-19 16:00:00+00:00,16,RSI_EMA_ADX_CGPT_P1.5_L1.5_AVR_1H_STOCK_RESULTS,"[2024-01-08T16:00:00+00:00, 2024-01-09T16:00:00+00:00, 2024-01-09T20:00:00+00:00, 2024-01-10T15:00:00+00:00, 2024-01-11T16:00:00+00:00, 2024-01-12T20:00:00+00:00, 2024-01-16T15:00:00+00:00]","[2024-01-08T17:00:00+00:00, 2024-01-09T17:00:00+00:00, 2024-01-09T21:00:00+00:00, 2024-01-10T20:00:00+00:00, 2024-01-12T19:00:00+00:00, 2024-01-12T21:00:00+00:00, 2024-01-19T16:00:00+00:00]","[1.0, 1.0, 1.0, 5.0, 10.0, 1.0, 22.0]","[0.1349999999999909, 0.4000000000000057, 0.12000000000000455, 0.30000000000001137, 0.7040000000000077, 0.12999999999999545, -0.14999999999997726]","[0.09027986758952146, 0.2675495802815997, 0.0801549662681214, 0.2004811547714591, 0.473388696500022, 0.08710217755443582, -0.10106454655705248]",2024-01-30 07:07:18
FAUG,ALGO_RSI_EMA_ADX_CGPT,8,7,1,0.671,0.0601,5.2500,0.1487,0.15405687713182128,0.875,2024-01-18 19:00:00+00:00,17,RSI_EMA_ADX_CGPT_P1.5_L1.5_AVR_1H_STOCK_RESULTS,"[2023-12-29T17:00:00+00:00, 2024-01-02T16:00:00+00:00, 2024-01-05T17:00:00+00:00, 2024-01-11T18:00:00+00:00, 2024-01-16T15:00:00+00:00, 2024-01-16T19:00:00+00:00, 2024-01-17T16:00:00+00:00, 2024-01-18T18:00:00+00:00]","[2023-12-29T19:00:00+00:00, 2024-01-05T16:00:00+00:00, 2024-01-08T17:00:00+00:00, 2024-01-11T19:00:00+00:00, 2024-01-16T16:00:00+00:00, 2024-01-16T21:00:00+00:00, 2024-01-18T16:00:00+00:00, 2024-01-18T19:00:00+00:00]","[2.0, 21.0, 7.0, 1.0, 1.0, 2.0, 7.0, 1.0]","[0.013999999999995794, -0.10999999999999943, 0.14999999999999858, 0.030000000000001137, 0.054000000000002046, 0.07099999999999795, 0.1109999999999971, 0.16100000000000136]","[0.03455083909179613, -0.27227722772277085, 0.373320059731206, 0.07387343018961127, 0.13310327828445168, 0.1750104759791909, 0.2741823930441584, 0.39788453934361745]",2024-01-30 06:28:54
DBAW,ALGO_RSI_EMA_ADX_CGPT,8,7,1,0.6506,0.0430,5.6250,0.1429,0.1526248381902004,0.875,2024-01-19 18:00:00+00:00,16,RSI_EMA_ADX_CGPT_P1.5_L1.5_AVR_1H_STOCK_RESULTS,"[2024-01-02T16:00:00+00:00, 2024-01-02T20:00:00+00:00, 2024-01-04T19:00:00+00:00, 2024-01-05T19:00:00+00:00, 2024-01-09T17:00:00+00:00, 2024-01-11T17:00:00+00:00, 2024-01-16T17:00:00+00:00, 2024-01-19T17:00:00+00:00]","[2024-01-02T17:00:00+00:00, 2024-01-04T16:00:00+00:00, 2024-01-05T16:00:00+00:00, 2024-01-08T19:00:00+00:00, 2024-01-10T16:00:00+00:00, 2024-01-11T20:00:00+00:00, 2024-01-18T21:00:00+00:00, 2024-01-19T18:00:00+00:00]","[1.0, 10.0, 4.0, 5.0, 5.0, 2.0, 17.0, 1.0]","[0.03999999999999915, 0.0519999999999996, 0.019999999999999574, 0.11999999999999744, 0.08099999999999952, 0.09500000000000242, -0.08999999999999986, 0.0259999999999998]","[0.1325381047050999, 0.1727115716753009, 0.0664672648720491, 0.3984063745019835, 0.26929086738255764, 0.31587697423109695, -0.29910269192422684, 0.086666666666666]",2024-01-30 06:23:37
STPZ,ALGO_RSI_EMA_ADX_CGPT,8,8,0,1.1559,0.0536,10.5000,0.1051,0.0860335780999397,1.0,2024-01-25 16:00:00+00:00,10,RSI_EMA_ADX_CGPT_P1.5_L1.5_AVR_1H_STOCK_RESULTS,"[2023-12-12T20:00:00+00:00, 2023-12-29T19:00:00+00:00, 2024-01-04T16:00:00+00:00, 2024-01-05T17:00:00+00:00, 2024-01-08T19:00:00+00:00, 2024-01-10T18:00:00+00:00, 2024-01-17T16:00:00+00:00, 2024-01-23T15:00:00+00:00]","[2023-12-13T16:00:00+00:00, 2024-01-03T20:00:00+00:00, 2024-01-05T16:00:00+00:00, 2024-01-08T17:00:00+00:00, 2024-01-10T16:00:00+00:00, 2024-01-11T16:00:00+00:00, 2024-01-22T16:00:00+00:00, 2024-01-25T16:00:00+00:00]","[3.0, 15.0, 7.0, 7.0, 11.0, 5.0, 21.0, 15.0]","[0.06499999999999773, 0.010000000000005116, 0.030000000000001137, 0.030000000000001137, 0.01999999999999602, 0.1460000000000008, 0.05799999999999983, 0.07000000000000028]","[0.12866191607283792, 0.01954079140206178, 0.0586969281940934, 0.05870841487280066, 0.0391389432485245, 0.285971716222041, 0.11335874132707872, 0.13685239491691162]",2024-01-30 07:00:21
MNSO,ALGO_RSI_EMA_ADX_CGPT,6,6,0,1.5439,0.3275,2.5000,1.5981,1.0755527535343503,1.0,2024-01-23 16:00:00+00:00,12,RSI_EMA_ADX_CGPT_P1_L.75_AV_1H_STOCK_RESULTS,"[2024-01-12T15:00:00+00:00, 2024-01-18T18:00:00+00:00, 2024-01-19T16:00:00+00:00, 2024-01-19T18:00:00+00:00, 2024-01-22T16:00:00+00:00, 2024-01-22T18:00:00+00:00]","[2024-01-12T16:00:00+00:00, 2024-01-19T15:00:00+00:00, 2024-01-19T17:00:00+00:00, 2024-01-19T21:00:00+00:00, 2024-01-22T17:00:00+00:00, 2024-01-23T16:00:00+00:00]","[1.0, 4.0, 1.0, 3.0, 1.0, 5.0]","[0.15000000000000213, 0.20500000000000185, 0.6000000000000014, 0.24499999999999744, 0.14000000000000057, 0.625]","[0.6784260515603896, 0.9810959559703366, 2.96296296296297, 1.170009551098364, 0.7003501750875466, 3.095591877166914]",2024-01-29 19:06:14
PCVX,ALGO_RSI_EMA_ADX_CGPT,8,7,1,1.1204,0.8963,2.5000,1.4696,1.6939932809635554,0.875,2024-01-26 21:00:00+00:00,9,RSI_EMA_ADX_CGPT_P1_L.75_AV_1H_STOCK_RESULTS,"[2023-12-12T18:00:00+00:00, 2023-12-13T19:00:00+00:00, 2023-12-20T21:00:00+00:00, 2024-01-18T16:00:00+00:00, 2024-01-24T21:00:00+00:00, 2024-01-25T18:00:00+00:00, 2024-01-25T21:00:00+00:00, 2024-01-26T20:00:00+00:00]","[2023-12-12T19:00:00+00:00, 2023-12-13T20:00:00+00:00, 2023-12-22T16:00:00+00:00, 2024-01-18T18:00:00+00:00, 2024-01-25T16:00:00+00:00, 2024-01-25T20:00:00+00:00, 2024-01-26T16:00:00+00:00, 2024-01-26T21:00:00+00:00]","[1.0, 1.0, 9.0, 2.0, 2.0, 2.0, 2.0, 1.0]","[0.5150000000000006, 1.3000000000000043, 1.2100000000000009, -0.595000000000006, 1.7000000000000028, 0.13000000000000256, 2.0500000000000043, 0.8599999999999994]","[0.9115850960261981, 2.3049645390071, 2.0325886107844795, -0.9753298909925514, 2.6890224612464455, 0.20517676767677173, 3.2334384858044234, 1.355397951142631]",2024-01-29 19:11:15
HTGC,ALGO_RSI_EMA_ADX_CGPT,7,7,0,1.2198,0.1736,2.8571,1.0381,0.8443908323281096,1.0,2024-01-25 15:00:00+00:00,10,RSI_EMA_ADX_CGPT_P1_L.75_AV_1H_STOCK_RESULTS,"[2024-01-02T16:00:00+00:00, 2024-01-02T19:00:00+00:00, 2024-01-03T16:00:00+00:00, 2024-01-03T21:00:00+00:00, 2024-01-18T20:00:00+00:00, 2024-01-19T21:00:00+00:00, 2024-01-24T20:00:00+00:00]","[2024-01-02T18:00:00+00:00, 2024-01-02T21:00:00+00:00, 2024-01-03T20:00:00+00:00, 2024-01-04T16:00:00+00:00, 2024-01-19T20:00:00+00:00, 2024-01-22T15:00:00+00:00, 2024-01-25T15:00:00+00:00]","[2.0, 2.0, 4.0, 2.0, 7.0, 1.0, 2.0]","[0.2049999999999983, 0.05000000000000071, 0.14000000000000057, 0.48499999999999943, 0.0799999999999983, 0.19500000000000028, 0.05999999999999872]","[1.2412957917045007, 0.299760191846527, 0.8443908323281096, 2.911164465786311, 0.47309284447071726, 1.148071828083605, 0.34863451481695945]",2024-01-29 18:56:37
IHG,ALGO_RSI_EMA_ADX_CGPT,7,7,0,2.0171,0.8240,3.5714,0.9129,0.9004001778568279,1.0,2024-01-10 16:00:00+00:00,25,RSI_EMA_ADX_CGPT_P1_L.75_AV_1H_STOCK_RESULTS,"[2023-12-26T17:00:00+00:00, 2023-12-26T21:00:00+00:00, 2024-01-02T16:00:00+00:00, 2024-01-03T16:00:00+00:00, 2024-01-03T21:00:00+00:00, 2024-01-05T20:00:00+00:00, 2024-01-09T16:00:00+00:00]","[2023-12-26T19:00:00+00:00, 2023-12-27T16:00:00+00:00, 2024-01-02T21:00:00+00:00, 2024-01-03T20:00:00+00:00, 2024-01-04T16:00:00+00:00, 2024-01-08T16:00:00+00:00, 2024-01-10T16:00:00+00:00]","[2.0, 2.0, 5.0, 4.0, 2.0, 3.0, 7.0]","[0.34499999999999886, 0.6599999999999966, 0.8100000000000023, 0.8500000000000085, 0.8319999999999936, 0.5460000000000065, 1.7250000000000085]","[0.3830992171450767, 0.7315451119485664, 0.9004001778568279, 0.9501453163425091, 0.9204558026330276, 0.6017191977077435, 1.9027134348113928]",2024-01-29 18:59:08
AVIV,ALGO_RSI_EMA_ADX_CGPT,6,6,0,1.8914,0.4502,8.1667,0.8937,0.9491277458729354,1.0,2024-01-12 17:00:00+00:00,23,RSI_EMA_ADX_CGPT_P1_L.75_AV_1H_STOCK_RESULTS,"[2023-12-13T17:00:00+00:00, 2023-12-18T16:00:00+00:00, 2023-12-20T20:00:00+00:00, 2024-01-03T19:00:00+00:00, 2024-01-05T20:00:00+00:00, 2024-01-09T16:00:00+00:00]","[2023-12-13T20:00:00+00:00, 2023-12-19T16:00:00+00:00, 2023-12-21T16:00:00+00:00, 2024-01-05T16:00:00+00:00, 2024-01-08T17:00:00+00:00, 2024-01-12T17:00:00+00:00]","[3.0, 7.0, 3.0, 11.0, 4.0, 21.0]","[0.8200000000000003, 0.5050000000000026, 0.45000000000000284, 0.5750000000000028, 0.2709999999999937, 0.0799999999999983]","[1.6400000000000006, 1.0055754679410644, 0.8926800238048063, 1.1340104526180905, 0.5318000745697398, 0.15794669299111214]",2024-01-29 18:35:44
TEVA,ALGO_RSI_EMA_ADX_CGPT,12,12,0,1.5357,0.0887,2.8333,0.8532,0.7666052182381142,1.0,2024-01-22 16:00:00+00:00,13,RSI_EMA_ADX_CGPT_P1_L.75_AV_1H_STOCK_RESULTS,"[2023-12-12T15:00:00+00:00, 2023-12-12T17:00:00+00:00, 2023-12-12T19:00:00+00:00, 2023-12-13T15:00:00+00:00, 2023-12-15T19:00:00+00:00, 2023-12-26T16:00:00+00:00, 2023-12-26T18:00:00+00:00, 2023-12-28T17:00:00+00:00, 2023-12-29T16:00:00+00:00, 2024-01-17T19:00:00+00:00, 2024-01-18T17:00:00+00:00, 2024-01-22T15:00:00+00:00]","[2023-12-12T16:00:00+00:00, 2023-12-12T18:00:00+00:00, 2023-12-12T21:00:00+00:00, 2023-12-13T16:00:00+00:00, 2023-12-18T16:00:00+00:00, 2023-12-26T17:00:00+00:00, 2023-12-26T19:00:00+00:00, 2023-12-29T15:00:00+00:00, 2024-01-02T15:00:00+00:00, 2024-01-18T16:00:00+00:00, 2024-01-19T17:00:00+00:00, 2024-01-22T16:00:00+00:00]","[1.0, 1.0, 2.0, 1.0, 4.0, 1.0, 1.0, 5.0, 6.0, 4.0, 7.0, 1.0]","[0.09499999999999886, 0.10499999999999865, 0.009999999999999787, 0.049999999999998934, 0.08000000000000007, 0.054999999999999716, 0.03500000000000014, 0.028999999999999915, 0.22000000000000064, 0.08000000000000007, 0.14500000000000135, 0.16000000000000014]","[1.0042283298097132, 1.0983263598326218, 0.10341261633919117, 0.5157297576070029, 0.8036162732295337, 0.5270723526593168, 0.3350885591191971, 0.2769554006303115, 2.105263157894743, 0.7295941632466947, 1.3254113345521148, 1.413427561837457]",2024-01-29 19:22:35
AZZ,ALGO_RSI_EMA_ADX_CGPT,6,6,0,2.6992,0.4480,1.6667,0.7884,0.8405202637358395,1.0,2024-01-19 18:00:00+00:00,16,RSI_EMA_ADX_CGPT_P1_L.75_AV_1H_STOCK_RESULTS,"[2024-01-08T18:00:00+00:00, 2024-01-09T16:00:00+00:00, 2024-01-11T18:00:00+00:00, 2024-01-17T16:00:00+00:00, 2024-01-18T18:00:00+00:00, 2024-01-19T17:00:00+00:00]","[2024-01-08T21:00:00+00:00, 2024-01-09T17:00:00+00:00, 2024-01-11T21:00:00+00:00, 2024-01-17T17:00:00+00:00, 2024-01-18T19:00:00+00:00, 2024-01-19T18:00:00+00:00]","[3.0, 1.0, 3.0, 1.0, 1.0, 1.0]","[0.6499999999999986, 0.46300000000000097, 0.490000000000002, 0.5600000000000023, 0.39000000000000057, 0.134999999999998]","[1.1520737327188915, 0.8204855573276644, 0.8605549701440148, 0.9817671809256702, 0.6812227074235818, 0.23417172593234695]",2024-01-29 18:36:05
USLM,ALGO_RSI_EMA_ADX_CGPT,8,7,1,0.7184,1.6038,3.0000,0.7351,0.9223737836577738,0.875,2024-01-18 15:00:00+00:00,17,RSI_EMA_ADX_CGPT_P1_L.75_AV_1H_STOCK_RESULTS,"[2024-01-04T21:00:00+00:00, 2024-01-08T15:00:00+00:00, 2024-01-09T15:00:00+00:00, 2024-01-10T21:00:00+00:00, 2024-01-12T16:00:00+00:00, 2024-01-12T18:00:00+00:00, 2024-01-16T18:00:00+00:00, 2024-01-17T20:00:00+00:00]","[2024-01-05T21:00:00+00:00, 2024-01-08T21:00:00+00:00, 2024-01-10T20:00:00+00:00, 2024-01-11T20:00:00+00:00, 2024-01-12T17:00:00+00:00, 2024-01-12T21:00:00+00:00, 2024-01-17T18:00:00+00:00, 2024-01-18T15:00:00+00:00]","[2.0, 5.0, 4.0, 3.0, 1.0, 2.0, 5.0, 2.0]","[-3.6899999999999977, 4.25, 3.3899999999999864, 2.0200000000000102, 1.289999999999992, 1.4399999999999977, 2.1000000000000227, 2.030000000000001]","[-1.6656886200514593, 1.950435979807251, 1.5611328574717873, 0.9141098741967646, 0.584212671527554, 0.6500248273371542, 0.955848884842978, 0.930637693118783]",2024-01-29 19:25:36
BNS,ALGO_RSI_EMA_ADX_CGPT,8,7,1,0.6965,0.3207,4.0000,0.7012,0.5846631687811346,0.875,2024-01-16 16:00:00+00:00,19,RSI_EMA_ADX_CGPT_P1_L.75_AV_1H_STOCK_RESULTS,"[2023-12-12T19:00:00+00:00, 2023-12-13T18:00:00+00:00, 2024-01-04T21:00:00+00:00, 2024-01-05T17:00:00+00:00, 2024-01-09T16:00:00+00:00, 2024-01-10T18:00:00+00:00, 2024-01-11T16:00:00+00:00, 2024-01-12T16:00:00+00:00]","[2023-12-12T20:00:00+00:00, 2023-12-13T20:00:00+00:00, 2024-01-05T16:00:00+00:00, 2024-01-08T16:00:00+00:00, 2024-01-10T16:00:00+00:00, 2024-01-10T19:00:00+00:00, 2024-01-12T15:00:00+00:00, 2024-01-16T16:00:00+00:00]","[1.0, 2.0, 2.0, 6.0, 7.0, 1.0, 6.0, 7.0]","[0.11999999999999744, 1.1899999999999977, 0.490000000000002, 0.0799999999999983, 0.42500000000000426, 0.08500000000000085, 0.6099999999999994, -0.4340000000000046]","[0.2689979825151254, 2.672955974842762, 1.0374761803938217, 0.16835016835016475, 0.9003283550471438, 0.17894736842105444, 1.3087320317528415, -0.9258864189102798]",2024-01-29 18:38:22
GPK,ALGO_RSI_EMA_ADX_CGPT,14,13,1,0.819,0.1651,4.0714,0.6714,0.7090145602412563,0.9285714285714286,2024-01-25 16:00:00+00:00,10,RSI_EMA_ADX_CGPT_P1_L.75_AV_1H_STOCK_RESULTS,"[2023-12-12T18:00:00+00:00, 2023-12-21T18:00:00+00:00, 2023-12-28T16:00:00+00:00, 2023-12-29T16:00:00+00:00, 2023-12-29T21:00:00+00:00, 2024-01-03T16:00:00+00:00, 2024-01-12T18:00:00+00:00, 2024-01-16T15:00:00+00:00, 2024-01-17T19:00:00+00:00, 2024-01-18T17:00:00+00:00, 2024-01-22T21:00:00+00:00, 2024-01-23T16:00:00+00:00, 2024-01-24T16:00:00+00:00, 2024-01-24T21:00:00+00:00]","[2023-12-13T16:00:00+00:00, 2023-12-22T16:00:00+00:00, 2023-12-28T17:00:00+00:00, 2023-12-29T20:00:00+00:00, 2024-01-02T16:00:00+00:00, 2024-01-03T18:00:00+00:00, 2024-01-12T21:00:00+00:00, 2024-01-17T16:00:00+00:00, 2024-01-18T16:00:00+00:00, 2024-01-22T16:00:00+00:00, 2024-01-23T15:00:00+00:00, 2024-01-23T20:00:00+00:00, 2024-01-24T19:00:00+00:00, 2024-01-25T16:00:00+00:00]","[5.0, 5.0, 1.0, 4.0, 2.0, 2.0, 3.0, 8.0, 4.0, 13.0, 1.0, 4.0, 3.0, 2.0]","[0.3500000000000014, 0.2900000000000027, 0.0799999999999983, 0.0400000000000027, 0.19500000000000028, 0.25, 0.17499999999999716, 0.16499999999999915, -0.4150000000000027, 0.4410000000000025, 0.14999999999999858, 0.021000000000000796, 0.18500000000000227, 0.384999999999998]","[1.5224010439321507, 1.1885245901639454, 0.3237555645487588, 0.16191054442421657, 0.7910750507099403, 1.0135819987837016, 0.6850655705617427, 0.6461719208928888, -1.6233131234109237, 1.761182108626208, 0.5919494869771057, 0.08290564547967152, 0.7329635499207698, 1.520837448153261]",2024-01-29 18:54:40
COLL,ALGO_RSI_EMA_ADX_CGPT,9,8,1,0.9303,0.2080,2.0000,0.6391,0.4879536444037929,0.8888888888888888,2024-01-29 16:00:00+00:00,6,RSI_EMA_ADX_CGPT_P1_L.75_AV_1H_STOCK_RESULTS,"[2024-01-11T16:00:00+00:00, 2024-01-16T17:00:00+00:00, 2024-01-17T19:00:00+00:00, 2024-01-18T18:00:00+00:00, 2024-01-23T17:00:00+00:00, 2024-01-23T20:00:00+00:00, 2024-01-26T16:00:00+00:00, 2024-01-26T18:00:00+00:00, 2024-01-26T21:00:00+00:00]","[2024-01-11T18:00:00+00:00, 2024-01-17T16:00:00+00:00, 2024-01-17T20:00:00+00:00, 2024-01-18T20:00:00+00:00, 2024-01-23T19:00:00+00:00, 2024-01-23T21:00:00+00:00, 2024-01-26T17:00:00+00:00, 2024-01-26T19:00:00+00:00, 2024-01-29T16:00:00+00:00]","[2.0, 6.0, 1.0, 2.0, 2.0, 1.0, 1.0, 1.0, 2.0]","[0.14999999999999858, 0.5049999999999955, 0.4409999999999954, 0.21999999999999886, -0.26899999999999835, 0.1600000000000037, 0.41499999999999915, 0.10999999999999943, 0.14000000000000057]","[0.46772684752104327, 1.564920979237668, 1.359893922106742, 0.6809037449705938, -0.8171324422843206, 0.4879536444037929, 1.2539658558694642, 0.33142512805061597, 0.42232277526395345]",2024-01-29 18:42:21
FPF,ALGO_RSI_EMA_ADX_CGPT,11,11,0,0.8761,0.0992,2.6364,0.6106,0.35629453681709455,1.0,2024-01-23 17:00:00+00:00,12,RSI_EMA_ADX_CGPT_P1_L.75_AV_1H_STOCK_RESULTS,"[2023-12-12T21:00:00+00:00, 2023-12-13T18:00:00+00:00, 2023-12-26T21:00:00+00:00, 2023-12-29T16:00:00+00:00, 2024-01-02T20:00:00+00:00, 2024-01-03T17:00:00+00:00, 2024-01-11T17:00:00+00:00, 2024-01-17T19:00:00+00:00, 2024-01-17T21:00:00+00:00, 2024-01-19T16:00:00+00:00, 2024-01-23T16:00:00+00:00]","[2023-12-13T15:00:00+00:00, 2023-12-13T20:00:00+00:00, 2023-12-27T16:00:00+00:00, 2024-01-02T16:00:00+00:00, 2024-01-02T21:00:00+00:00, 2024-01-03T20:00:00+00:00, 2024-01-12T16:00:00+00:00, 2024-01-17T20:00:00+00:00, 2024-01-18T16:00:00+00:00, 2024-01-19T19:00:00+00:00, 2024-01-23T17:00:00+00:00]","[1.0, 2.0, 2.0, 7.0, 1.0, 3.0, 6.0, 1.0, 2.0, 3.0, 1.0]","[0.05000000000000071, 0.40000000000000213, 0.09999999999999787, 0.019999999999999574, 0.04999999999999716, 0.06700000000000017, 0.2069999999999972, 0.00999999999999801, 0.09500000000000242, 0.05999999999999872, 0.03200000000000003]","[0.3170577045022239, 2.5364616360177688, 0.6161429451632647, 0.12217470983506153, 0.30581039755349937, 0.4102375704139124, 1.2402636309166997, 0.05927682276228814, 0.5639655684179425, 0.35629453681709455, 0.1893491124260357]",2024-01-29 18:52:10
ENSG,ALGO_RSI_EMA_ADX_CGPT,7,6,1,0.8524,0.6509,2.2857,0.5724,0.3912968696250415,0.8571428571428571,2024-01-24 18:00:00+00:00,11,RSI_EMA_ADX_CGPT_P1_L.75_AV_1H_STOCK_RESULTS,"[2023-12-28T21:00:00+00:00, 2023-12-29T16:00:00+00:00, 2024-01-03T19:00:00+00:00, 2024-01-04T19:00:00+00:00, 2024-01-05T20:00:00+00:00, 2024-01-23T17:00:00+00:00, 2024-01-24T17:00:00+00:00]","[2023-12-29T15:00:00+00:00, 2024-01-02T15:00:00+00:00, 2024-01-04T16:00:00+00:00, 2024-01-04T21:00:00+00:00, 2024-01-05T21:00:00+00:00, 2024-01-23T18:00:00+00:00, 2024-01-24T18:00:00+00:00]","[1.0, 6.0, 4.0, 2.0, 1.0, 1.0, 1.0]","[-0.4000000000000057, 2.048000000000002, 1.3049999999999926, 0.20000000000000284, 0.3299999999999983, 0.4549999999999983, 0.6180000000000092]","[-0.35174111853676193, 1.8154418934491638, 1.1545607360877577, 0.17605633802817153, 0.29031406703615575, 0.3912968696250415, 0.5305996290954128]",2024-01-29 18:48:03
PH,ALGO_RSI_EMA_ADX_CGPT,8,7,1,1.3057,2.6199,2.8750,0.5720,0.5040389245403332,0.875,2024-01-29 19:00:00+00:00,6,RSI_EMA_ADX_CGPT_P1_L.75_AV_1H_STOCK_RESULTS,"[2023-12-21T17:00:00+00:00, 2023-12-27T15:00:00+00:00, 2024-01-11T17:00:00+00:00, 2024-01-16T15:00:00+00:00, 2024-01-16T17:00:00+00:00, 2024-01-17T16:00:00+00:00, 2024-01-24T19:00:00+00:00, 2024-01-29T16:00:00+00:00]","[2023-12-21T21:00:00+00:00, 2023-12-27T16:00:00+00:00, 2024-01-11T18:00:00+00:00, 2024-01-16T16:00:00+00:00, 2024-01-16T20:00:00+00:00, 2024-01-18T16:00:00+00:00, 2024-01-25T15:00:00+00:00, 2024-01-29T19:00:00+00:00]","[4.0, 1.0, 1.0, 1.0, 3.0, 7.0, 3.0, 3.0]","[2.829999999999984, -1.1050000000000182, 2.160000000000025, 5.449999999999989, 1.8149999999999977, 5.319999999999993, 2.4950000000000045, 1.9940000000000282]","[0.6246275409980763, -0.23891375321615063, 0.47302032235459557, 1.196539913936943, 0.3969078364695972, 1.1636045494313196, 0.5350575267260708, 0.4248066639681349]",2024-01-29 19:12:11
GLL,ALGO_RSI_EMA_ADX_CGPT,6,6,0,1.246,0.1548,4.0000,0.5702,0.572592643778441,1.0,2024-01-26 16:00:00+00:00,9,RSI_EMA_ADX_CGPT_P1_L.75_AV_1H_STOCK_RESULTS,"[2024-01-12T16:00:00+00:00, 2024-01-12T19:00:00+00:00, 2024-01-18T21:00:00+00:00, 2024-01-23T16:00:00+00:00, 2024-01-23T19:00:00+00:00, 2024-01-25T21:00:00+00:00, 2024-01-29T16:00:00+00:00]","[2024-01-12T18:00:00+00:00, 2024-01-16T16:00:00+00:00, 2024-01-22T17:00:00+00:00, 2024-01-23T18:00:00+00:00, 2024-01-24T16:00:00+00:00, 2024-01-26T16:00:00+00:00]","[2.0, 4.0, 10.0, 2.0, 4.0, 2.0]","[0.20000000000000284, 0.29999999999999716, 0.010000000000001563, 0.010000000000001563, 0.2989999999999995, 0.10999999999999943]","[0.7485029940119867, 1.1173184357541792, 0.03621876131836857, 0.03621876131836857, 1.0864825581395332, 0.3966822935448952]",2024-01-29 18:54:02
LH,ALGO_RSI_EMA_ADX_CGPT,8,8,0,1.8274,1.2419,3.7500,0.5625,0.4951656165766921,1.0,2024-01-29 17:00:00+00:00,6,RSI_EMA_ADX_CGPT_P1_L.75_AV_1H_STOCK_RESULTS,"[2023-12-12T15:00:00+00:00, 2023-12-15T17:00:00+00:00, 2023-12-18T19:00:00+00:00, 2023-12-20T20:00:00+00:00, 2024-01-23T16:00:00+00:00, 2024-01-24T16:00:00+00:00, 2024-01-25T16:00:00+00:00, 2024-01-26T21:00:00+00:00]","[2023-12-12T16:00:00+00:00, 2023-12-18T18:00:00+00:00, 2023-12-18T21:00:00+00:00, 2023-12-21T16:00:00+00:00, 2024-01-23T20:00:00+00:00, 2024-01-25T15:00:00+00:00, 2024-01-25T19:00:00+00:00, 2024-01-29T17:00:00+00:00]","[1.0, 8.0, 2.0, 3.0, 4.0, 6.0, 3.0, 3.0]","[1.8499999999999943, 0.3300000000000125, 1.2900000000000205, 1.4499999999999886, 0.7400000000000091, 0.8300000000000125, 2.5449999999999875, 0.9000000000000057]","[0.8570766736159344, 0.15051311288484037, 0.5900109769484178, 0.6572386909618297, 0.3290790234357669, 0.3714976277862378, 1.1445403849613183, 0.40032025620496653]",2024-01-29 19:03:15
NTRS,ALGO_RSI_EMA_ADX_CGPT,11,10,1,0.7225,0.4618,4.2727,0.5615,0.5547515677761622,0.9090909090909091,2024-01-18 15:00:00+00:00,17,RSI_EMA_ADX_CGPT_P1_L.75_AV_1H_STOCK_RESULTS,"[2023-12-12T18:00:00+00:00, 2023-12-13T18:00:00+00:00, 2023-12-21T17:00:00+00:00, 2023-12-22T16:00:00+00:00, 2023-12-27T16:00:00+00:00, 2023-12-29T16:00:00+00:00, 2024-01-02T20:00:00+00:00, 2024-01-03T16:00:00+00:00, 2024-01-03T21:00:00+00:00, 2024-01-04T16:00:00+00:00, 2024-01-17T16:00:00+00:00]","[2023-12-13T16:00:00+00:00, 2023-12-13T20:00:00+00:00, 2023-12-22T15:00:00+00:00, 2023-12-26T17:00:00+00:00, 2023-12-27T17:00:00+00:00, 2024-01-02T17:00:00+00:00, 2024-01-02T21:00:00+00:00, 2024-01-03T20:00:00+00:00, 2024-01-04T15:00:00+00:00, 2024-01-05T15:00:00+00:00, 2024-01-18T15:00:00+00:00]","[5.0, 2.0, 5.0, 8.0, 1.0, 8.0, 1.0, 4.0, 1.0, 6.0, 6.0]","[0.013999999999995794, 2.039999999999992, 0.4099999999999966, 0.2750000000000057, 0.1290000000000049, 0.6969999999999885, 0.5, 0.5400000000000063, 0.6499999999999915, 0.45999999999999375, -0.6349999999999909]","[0.017393248934658278, 2.5401568920433224, 0.4892601431980867, 0.3276149630688655, 0.15344173377265036, 0.8258000308045786, 0.592627711271779, 0.6534365924491847, 0.7873062015503772, 0.5547515677761622, -0.765752185709968]",2024-01-29 19:08:50
AMGN,ALGO_RSI_EMA_ADX_CGPT,9,9,0,1.6081,1.5939,2.0000,0.5577,0.4290602313666572,1.0,2024-01-25 19:00:00+00:00,10,RSI_EMA_ADX_CGPT_P1_L.75_AV_1H_STOCK_RESULTS,"[2023-12-14T20:00:00+00:00, 2023-12-15T16:00:00+00:00, 2023-12-18T18:00:00+00:00, 2023-12-20T16:00:00+00:00, 2023-12-20T21:00:00+00:00, 2024-01-18T17:00:00+00:00, 2024-01-24T16:00:00+00:00, 2024-01-24T19:00:00+00:00, 2024-01-25T16:00:00+00:00]","[2023-12-14T21:00:00+00:00, 2023-12-15T21:00:00+00:00, 2023-12-18T20:00:00+00:00, 2023-12-20T17:00:00+00:00, 2023-12-21T15:00:00+00:00, 2024-01-18T18:00:00+00:00, 2024-01-24T17:00:00+00:00, 2024-01-25T15:00:00+00:00, 2024-01-25T19:00:00+00:00]","[1.0, 5.0, 2.0, 1.0, 1.0, 1.0, 1.0, 3.0, 3.0]","[1.6899999999999977, 1.0699999999999932, 1.170000000000016, 1.1850000000000023, 3.75, 1.9149999999999636, 1.134999999999991, 0.18999999999999773, 2.240000000000009]","[0.6153734114991071, 0.3899701144398255, 0.42545454545455125, 0.4290602313666572, 1.362892967472288, 0.6340219838431874, 0.36961654318977155, 0.06187111270311562, 0.7306412681844899]",2024-01-29 18:33:56
WTFCM,ALGO_RSI_EMA_ADX_CGPT,9,8,1,0.7492,0.1276,2.8889,0.5527,0.5993150684931532,0.8888888888888888,2024-01-24 17:00:00+00:00,11,RSI_EMA_ADX_CGPT_P1_L.75_AV_1H_STOCK_RESULTS,"[2023-12-28T21:00:00+00:00, 2023-12-29T19:00:00+00:00, 2024-01-04T15:00:00+00:00, 2024-01-05T17:00:00+00:00, 2024-01-17T16:00:00+00:00, 2024-01-17T20:00:00+00:00, 2024-01-18T15:00:00+00:00, 2024-01-18T18:00:00+00:00, 2024-01-23T18:00:00+00:00]","[2023-12-29T15:00:00+00:00, 2024-01-02T18:00:00+00:00, 2024-01-04T17:00:00+00:00, 2024-01-05T18:00:00+00:00, 2024-01-17T17:00:00+00:00, 2024-01-17T21:00:00+00:00, 2024-01-18T17:00:00+00:00, 2024-01-19T20:00:00+00:00, 2024-01-24T17:00:00+00:00]","[1.0, 5.0, 1.0, 1.0, 1.0, 1.0, 2.0, 9.0, 5.0]","[0.23000000000000043, 0.1999999999999993, -0.17999999999999972, 0.2029999999999994, 0.00999999999999801, 0.030000000000001137, 0.14000000000000057, 0.05999999999999872, 0.45500000000000185]","[1.0204081632653081, 0.8849557522123862, -0.7805724197745001, 0.8908588230131189, 0.041762372102727124, 0.12722646310433053, 0.5993150684931532, 0.2559726962457283, 1.9345238095238175]",2024-01-29 19:29:19
TRV,ALGO_RSI_EMA_ADX_CGPT,8,8,0,1.3739,0.9631,3.7500,0.5142,0.3728206878940199,1.0,2024-01-11 18:00:00+00:00,24,RSI_EMA_ADX_CGPT_P1_L.75_AV_1H_STOCK_RESULTS,"[2023-12-14T16:00:00+00:00, 2023-12-15T17:00:00+00:00, 2023-12-15T19:00:00+00:00, 2023-12-21T17:00:00+00:00, 2024-01-08T16:00:00+00:00, 2024-01-09T15:00:00+00:00, 2024-01-10T17:00:00+00:00, 2024-01-11T17:00:00+00:00]","[2023-12-15T16:00:00+00:00, 2023-12-15T18:00:00+00:00, 2023-12-18T16:00:00+00:00, 2023-12-21T21:00:00+00:00, 2024-01-08T21:00:00+00:00, 2024-01-09T21:00:00+00:00, 2024-01-10T19:00:00+00:00, 2024-01-11T18:00:00+00:00]","[7.0, 1.0, 4.0, 4.0, 5.0, 6.0, 2.0, 1.0]","[0.4299999999999784, 0.3200000000000216, 0.5799999999999841, 2.2700000000000102, 0.8199999999999932, 1.8100000000000023, 0.3650000000000091, 1.1099999999999852]","[0.23555190358804623, 0.1749685603368263, 0.3174429423676778, 1.2387448840382047, 0.42819843342036196, 0.9503307781161411, 0.19054082271873518, 0.5780346820809172]",2024-01-29 19:23:49
JPC,ALGO_RSI_EMA_ADX_CGPT,13,12,1,0.7229,0.0341,4.0000,0.5095,0.30312215822977356,0.9230769230769231,2024-01-19 16:00:00+00:00,16,RSI_EMA_ADX_CGPT_P1_L.75_AV_1H_STOCK_RESULTS,"[2023-12-12T21:00:00+00:00, 2023-12-13T17:00:00+00:00, 2023-12-20T16:00:00+00:00, 2023-12-20T20:00:00+00:00, 2023-12-22T21:00:00+00:00, 2023-12-26T20:00:00+00:00, 2023-12-28T19:00:00+00:00, 2023-12-29T16:00:00+00:00, 2024-01-02T15:00:00+00:00, 2024-01-11T19:00:00+00:00, 2024-01-12T18:00:00+00:00, 2024-01-16T16:00:00+00:00, 2024-01-17T19:00:00+00:00]","[2023-12-13T16:00:00+00:00, 2023-12-13T20:00:00+00:00, 2023-12-20T19:00:00+00:00, 2023-12-22T16:00:00+00:00, 2023-12-26T15:00:00+00:00, 2023-12-26T21:00:00+00:00, 2023-12-29T15:00:00+00:00, 2023-12-29T20:00:00+00:00, 2024-01-02T16:00:00+00:00, 2024-01-11T20:00:00+00:00, 2024-01-12T21:00:00+00:00, 2024-01-17T18:00:00+00:00, 2024-01-19T16:00:00+00:00]","[2.0, 3.0, 3.0, 10.0, 1.0, 1.0, 3.0, 4.0, 1.0, 1.0, 3.0, 9.0, 11.0]","[0.020000000000000462, 0.09299999999999997, 0.024999999999999467, 0.05999999999999961, 0.043999999999999595, 0.01499999999999968, 0.020000000000000462, 0.0470000000000006, 0.0029999999999992255, 0.016000000000000014, 0.01499999999999968, -0.05999999999999961, 0.14500000000000046]","[0.30312215822977356, 1.4116575591985423, 0.37313432835820104, 0.900900900900895, 0.6572068707990977, 0.2238805970149206, 0.29784065524944847, 0.7032769714200299, 0.044576523031192056, 0.23205221174764346, 0.21723388848659927, -0.87082728592162, 2.1292217327459686]",2024-01-29 19:01:34
STEP,ALGO_RSI_EMA_ADX_CGPT,10,9,1,0.812,0.1475,1.8000,0.4560,0.6471723009876607,0.9,2024-01-25 20:00:00+00:00,10,RSI_EMA_ADX_CGPT_P1_L.75_AV_1H_STOCK_RESULTS,"[2024-01-09T18:00:00+00:00, 2024-01-11T17:00:00+00:00, 2024-01-11T19:00:00+00:00, 2024-01-12T16:00:00+00:00, 2024-01-16T16:00:00+00:00, 2024-01-16T18:00:00+00:00, 2024-01-17T16:00:00+00:00, 2024-01-18T18:00:00+00:00, 2024-01-24T21:00:00+00:00, 2024-01-25T18:00:00+00:00]","[2024-01-09T20:00:00+00:00, 2024-01-11T18:00:00+00:00, 2024-01-11T21:00:00+00:00, 2024-01-12T19:00:00+00:00, 2024-01-16T17:00:00+00:00, 2024-01-16T21:00:00+00:00, 2024-01-17T17:00:00+00:00, 2024-01-18T19:00:00+00:00, 2024-01-25T16:00:00+00:00, 2024-01-25T20:00:00+00:00]","[2.0, 1.0, 2.0, 3.0, 1.0, 3.0, 1.0, 1.0, 2.0, 2.0]","[-0.28000000000000114, 0.05000000000000071, 0.19000000000000128, 0.125, 0.029999999999997584, 0.25, 0.23000000000000043, 0.22000000000000242, 0.4099999999999966, 0.25]","[-0.8830022075055224, 0.15757957768673403, 0.5988023952095849, 0.3939489442168295, 0.09439899307739956, 0.7906388361796332, 0.7273877292852637, 0.6955422067657364, 1.2323414487526196, 0.7523322299127295]",2024-01-29 19:21:09
WEX,ALGO_RSI_EMA_ADX_CGPT,6,6,0,1.2986,0.8403,3.5000,0.4524,0.339734516128367,1.0,2024-01-16 21:00:00+00:00,19,RSI_EMA_ADX_CGPT_P1_L.75_AV_1H_STOCK_RESULTS,"[2023-12-12T17:00:00+00:00, 2023-12-13T18:00:00+00:00, 2024-01-10T16:00:00+00:00, 2024-01-11T16:00:00+00:00, 2024-01-12T18:00:00+00:00, 2024-01-16T16:00:00+00:00]","[2023-12-13T16:00:00+00:00, 2023-12-13T19:00:00+00:00, 2024-01-11T15:00:00+00:00, 2024-01-11T18:00:00+00:00, 2024-01-12T19:00:00+00:00, 2024-01-16T21:00:00+00:00]","[6.0, 1.0, 6.0, 2.0, 1.0, 5.0]","[1.0600000000000023, 2.0250000000000057, 0.23500000000001364, 0.6769999999999925, 0.37999999999999545, 0.6650000000000205]","[0.5929406499972044, 1.1316326245494457, 0.11879486401780086, 0.3430922903057385, 0.19182231196365243, 0.3363767419509955]",2024-01-29 19:28:45
MRK,ALGO_RSI_EMA_ADX_CGPT,9,9,0,1.68,0.4889,2.1111,0.4461,0.36036901787430325,1.0,2024-01-25 19:00:00+00:00,10,RSI_EMA_ADX_CGPT_P1_L.75_AV_1H_STOCK_RESULTS,"[2023-12-11T20:00:00+00:00, 2023-12-12T16:00:00+00:00, 2023-12-12T21:00:00+00:00, 2023-12-20T21:00:00+00:00, 2023-12-21T17:00:00+00:00, 2024-01-23T16:00:00+00:00, 2024-01-24T16:00:00+00:00, 2024-01-24T21:00:00+00:00, 2024-01-25T17:00:00+00:00]","[2023-12-11T21:00:00+00:00, 2023-12-12T17:00:00+00:00, 2023-12-13T16:00:00+00:00, 2023-12-21T16:00:00+00:00, 2023-12-21T21:00:00+00:00, 2024-01-23T17:00:00+00:00, 2024-01-24T20:00:00+00:00, 2024-01-25T16:00:00+00:00, 2024-01-25T19:00:00+00:00]","[1.0, 1.0, 2.0, 2.0, 4.0, 1.0, 4.0, 2.0, 2.0]","[0.31500000000001194, 0.375, 0.686000000000007, 1.0100000000000051, 0.35999999999999943, 0.6400000000000006, 0.021000000000000796, 0.29999999999999716, 0.6929999999999978]","[0.3026372676178239, 0.36036901787430325, 0.6620088010499566, 0.958436135889168, 0.33952654908987967, 0.5385392123864023, 0.017623363544814367, 0.25231286795626334, 0.583495415393163]",2024-01-29 19:06:35
PFGC,ALGO_RSI_EMA_ADX_CGPT,16,14,2,1.211,0.3056,3.3125,0.4398,0.47875206465655984,0.875,2024-01-29 16:00:00+00:00,6,RSI_EMA_ADX_CGPT_P1_L.75_AV_1H_STOCK_RESULTS,"[2023-12-13T18:00:00+00:00, 2023-12-15T17:00:00+00:00, 2023-12-18T15:00:00+00:00, 2024-01-03T20:00:00+00:00, 2024-01-04T20:00:00+00:00, 2024-01-09T16:00:00+00:00, 2024-01-11T17:00:00+00:00, 2024-01-12T16:00:00+00:00, 2024-01-16T17:00:00+00:00, 2024-01-18T16:00:00+00:00, 2024-01-19T16:00:00+00:00, 2024-01-23T15:00:00+00:00, 2024-01-23T21:00:00+00:00, 2024-01-24T21:00:00+00:00, 2024-01-26T15:00:00+00:00, 2024-01-26T20:00:00+00:00]","[2023-12-13T20:00:00+00:00, 2023-12-15T21:00:00+00:00, 2023-12-18T16:00:00+00:00, 2024-01-04T17:00:00+00:00, 2024-01-05T15:00:00+00:00, 2024-01-09T17:00:00+00:00, 2024-01-11T19:00:00+00:00, 2024-01-16T16:00:00+00:00, 2024-01-17T16:00:00+00:00, 2024-01-18T20:00:00+00:00, 2024-01-19T19:00:00+00:00, 2024-01-23T20:00:00+00:00, 2024-01-24T16:00:00+00:00, 2024-01-25T20:00:00+00:00, 2024-01-26T16:00:00+00:00, 2024-01-29T16:00:00+00:00]","[2.0, 4.0, 1.0, 4.0, 2.0, 1.0, 2.0, 7.0, 6.0, 4.0, 3.0, 5.0, 2.0, 6.0, 1.0, 3.0]","[0.625, -0.3200000000000074, 0.6200000000000045, 0.13000000000000966, 0.3400000000000034, 0.3999999999999915, 0.35999999999999943, 0.29000000000000625, 0.5499999999999972, 0.37999999999999545, 0.5799999999999983, 0.25500000000000966, 0.3299999999999983, 0.1699999999999875, -0.005000000000009663, 0.18500000000000227]","[0.9482627825823092, -0.48033623536476633, 0.9249589735939199, 0.18759018759020155, 0.49047893825736216, 0.5729838132072647, 0.5122367672168461, 0.41281138790036476, 0.7824726134585248, 0.5391600454029447, 0.8232789212207214, 0.36039855840578006, 0.46702519105575757, 0.24062278839347132, -0.007024445068853137, 0.2612994350282518]",2024-01-29 19:11:48
TU,ALGO_RSI_EMA_ADX_CGPT,11,11,0,1.5381,0.0791,3.2727,0.4388,0.33030553261768386,1.0,2024-01-29 19:00:00+00:00,6,RSI_EMA_ADX_CGPT_P1_L.75_AV_1H_STOCK_RESULTS,"[2023-12-18T20:00:00+00:00, 2024-01-09T16:00:00+00:00, 2024-01-09T19:00:00+00:00, 2024-01-11T16:00:00+00:00, 2024-01-11T21:00:00+00:00, 2024-01-16T19:00:00+00:00, 2024-01-17T16:00:00+00:00, 2024-01-18T16:00:00+00:00, 2024-01-22T18:00:00+00:00, 2024-01-25T17:00:00+00:00, 2024-01-29T18:00:00+00:00]","[2023-12-19T17:00:00+00:00, 2024-01-09T17:00:00+00:00, 2024-01-09T20:00:00+00:00, 2024-01-11T18:00:00+00:00, 2024-01-12T16:00:00+00:00, 2024-01-16T20:00:00+00:00, 2024-01-17T21:00:00+00:00, 2024-01-18T20:00:00+00:00, 2024-01-22T19:00:00+00:00, 2024-01-29T17:00:00+00:00, 2024-01-29T19:00:00+00:00]","[4.0, 1.0, 1.0, 2.0, 2.0, 1.0, 5.0, 4.0, 1.0, 14.0, 1.0]","[0.14999999999999858, 0.030000000000001137, 0.054999999999999716, 0.05999999999999872, 0.16999999999999815, 0.08999999999999986, 0.054999999999999716, 0.14000000000000057, 0.05000000000000071, 0.010000000000001563, 0.060000000000002274]","[0.8450704225352033, 0.16713091922006207, 0.3059805285118204, 0.3324099722991619, 0.9407858328721536, 0.49532195927352696, 0.3034482758620674, 0.7764836383804801, 0.27472527472527863, 0.05506607929516279, 0.33030553261768386]",2024-01-29 19:24:14
APOG,ALGO_RSI_EMA_ADX_CGPT,11,10,1,0.7669,0.2291,3.1818,0.4376,0.5227639958178989,0.9090909090909091,2024-01-26 19:00:00+00:00,9,RSI_EMA_ADX_CGPT_P1_L.75_AV_1H_STOCK_RESULTS,"[2024-01-05T17:00:00+00:00, 2024-01-08T19:00:00+00:00, 2024-01-09T15:00:00+00:00, 2024-01-09T17:00:00+00:00, 2024-01-11T16:00:00+00:00, 2024-01-16T16:00:00+00:00, 2024-01-18T17:00:00+00:00, 2024-01-19T16:00:00+00:00, 2024-01-23T21:00:00+00:00, 2024-01-25T19:00:00+00:00, 2024-01-26T18:00:00+00:00]","[2024-01-08T18:00:00+00:00, 2024-01-08T21:00:00+00:00, 2024-01-09T16:00:00+00:00, 2024-01-09T19:00:00+00:00, 2024-01-11T19:00:00+00:00, 2024-01-16T19:00:00+00:00, 2024-01-18T19:00:00+00:00, 2024-01-19T19:00:00+00:00, 2024-01-25T16:00:00+00:00, 2024-01-25T20:00:00+00:00, 2024-01-26T19:00:00+00:00]","[8.0, 2.0, 1.0, 2.0, 3.0, 3.0, 2.0, 3.0, 9.0, 1.0, 1.0]","[-0.6100000000000065, 0.490000000000002, 0.4650000000000034, 0.19999999999999574, 0.4899999999999949, 0.2750000000000057, 0.14999999999999858, 0.28000000000000114, 0.2290000000000063, 0.2680000000000007, 0.28299999999999415]","[-1.1670174096039918, 0.9505334626576178, 0.9066094755312993, 0.3849855630413777, 0.9399577978131495, 0.5227639958178989, 0.2841985600606263, 0.5291005291005313, 0.43016004207680203, 0.5031352082003542, 0.529466791393815]",2024-01-29 18:34:17
MBINN,ALGO_RSI_EMA_ADX_CGPT,10,9,1,0.8968,0.0868,1.9000,0.4285,0.27213032875988635,0.9,2024-01-24 19:00:00+00:00,11,RSI_EMA_ADX_CGPT_P1_L.75_AV_1H_STOCK_RESULTS,"[2024-01-02T17:00:00+00:00, 2024-01-03T16:00:00+00:00, 2024-01-03T21:00:00+00:00, 2024-01-05T19:00:00+00:00, 2024-01-08T19:00:00+00:00, 2024-01-11T16:00:00+00:00, 2024-01-18T21:00:00+00:00, 2024-01-22T16:00:00+00:00, 2024-01-23T19:00:00+00:00, 2024-01-24T17:00:00+00:00]","[2024-01-02T21:00:00+00:00, 2024-01-03T17:00:00+00:00, 2024-01-05T17:00:00+00:00, 2024-01-08T15:00:00+00:00, 2024-01-08T20:00:00+00:00, 2024-01-11T17:00:00+00:00, 2024-01-19T18:00:00+00:00, 2024-01-22T20:00:00+00:00, 2024-01-23T21:00:00+00:00, 2024-01-24T19:00:00+00:00]","[3.0, 1.0, 4.0, 2.0, 1.0, 1.0, 3.0, 2.0, 1.0, 1.0]","[0.18999999999999773, 0.03900000000000148, 0.17999999999999972, 0.05000000000000071, 0.060000000000002274, 0.003999999999997783, 0.019999999999999574, 0.28000000000000114, 0.08500000000000085, -0.0400000000000027]","[0.949525237381298, 0.19163677460567774, 0.8955223880597, 0.24752475247525105, 0.29673590504452163, 0.01967826044176604, 0.09746588693956908, 1.3678553981436306, 0.4121212121212163, -0.19333011116482696]",2024-01-29 19:04:47
BTZ,ALGO_RSI_EMA_ADX_CGPT,6,6,0,1.6931,0.0443,3.8333,0.4228,0.40316248943704236,1.0,2024-01-24 16:00:00+00:00,11,RSI_EMA_ADX_CGPT_P1_L.75_AV_1H_STOCK_RESULTS,"[2023-12-22T17:00:00+00:00, 2024-01-02T15:00:00+00:00, 2024-01-02T20:00:00+00:00, 2024-01-03T16:00:00+00:00, 2024-01-17T20:00:00+00:00, 2024-01-23T15:00:00+00:00]","[2023-12-26T16:00:00+00:00, 2024-01-02T17:00:00+00:00, 2024-01-03T15:00:00+00:00, 2024-01-03T18:00:00+00:00, 2024-01-18T16:00:00+00:00, 2024-01-24T16:00:00+00:00]","[6.0, 2.0, 2.0, 2.0, 3.0, 8.0]","[0.05599999999999916, 0.015000000000000568, 0.019999999999999574, 0.02999999999999936, 0.08999999999999986, 0.05500000000000149]","[0.5451713395638548, 0.1450676982591931, 0.1934235976789127, 0.29013539651836906, 0.8466603951081829, 0.5161895823557157]",2024-01-29 18:39:15
ICE,ALGO_RSI_EMA_ADX_CGPT,10,10,0,1.4646,0.5226,5.2000,0.4136,0.3590475777981865,1.0,2024-01-25 21:00:00+00:00,10,RSI_EMA_ADX_CGPT_P1_L.75_AV_1H_STOCK_RESULTS,"[2024-01-04T17:00:00+00:00, 2024-01-04T20:00:00+00:00, 2024-01-10T16:00:00+00:00, 2024-01-11T16:00:00+00:00, 2024-01-11T21:00:00+00:00, 2024-01-12T20:00:00+00:00, 2024-01-16T16:00:00+00:00, 2024-01-19T16:00:00+00:00, 2024-01-24T16:00:00+00:00, 2024-01-25T16:00:00+00:00, 2024-01-29T18:00:00+00:00]","[2024-01-04T19:00:00+00:00, 2024-01-08T16:00:00+00:00, 2024-01-10T19:00:00+00:00, 2024-01-11T20:00:00+00:00, 2024-01-12T18:00:00+00:00, 2024-01-12T21:00:00+00:00, 2024-01-18T21:00:00+00:00, 2024-01-19T18:00:00+00:00, 2024-01-24T18:00:00+00:00, 2024-01-25T21:00:00+00:00]","[2.0, 10.0, 3.0, 4.0, 4.0, 1.0, 19.0, 2.0, 2.0, 5.0]","[0.29000000000000625, 1.434999999999988, 0.4399999999999977, 0.664999999999992, 0.5799999999999983, 0.11999999999999034, 0.3200000000000074, 0.29000000000000625, 0.6159999999999997, 0.46999999999999886]","[0.22995797319800673, 1.13839197175835, 0.3475787976933389, 0.5262949626053516, 0.4574493256565962, 0.0945850082761806, 0.2534251999683277, 0.23023181962528286, 0.487303219681987, 0.37051635790303417]",2024-01-29 18:58:15
NFRA,ALGO_RSI_EMA_ADX_CGPT,13,12,1,0.6088,0.2156,4.3077,0.4111,0.21067015885668183,0.9230769230769231,2024-01-19 19:00:00+00:00,16,RSI_EMA_ADX_CGPT_P1_L.75_AV_1H_STOCK_RESULTS,"[2023-12-12T19:00:00+00:00, 2023-12-13T15:00:00+00:00, 2023-12-18T21:00:00+00:00, 2023-12-20T21:00:00+00:00, 2023-12-21T18:00:00+00:00, 2024-01-03T16:00:00+00:00, 2024-01-03T21:00:00+00:00, 2024-01-04T21:00:00+00:00, 2024-01-05T20:00:00+00:00, 2024-01-09T16:00:00+00:00, 2024-01-11T16:00:00+00:00, 2024-01-16T16:00:00+00:00, 2024-01-17T16:00:00+00:00]","[2023-12-12T20:00:00+00:00, 2023-12-13T20:00:00+00:00, 2023-12-19T16:00:00+00:00, 2023-12-21T16:00:00+00:00, 2023-12-21T19:00:00+00:00, 2024-01-03T19:00:00+00:00, 2024-01-04T16:00:00+00:00, 2024-01-05T16:00:00+00:00, 2024-01-05T21:00:00+00:00, 2024-01-10T16:00:00+00:00, 2024-01-12T16:00:00+00:00, 2024-01-17T15:00:00+00:00, 2024-01-19T19:00:00+00:00]","[1.0, 5.0, 2.0, 2.0, 1.0, 3.0, 2.0, 2.0, 1.0, 7.0, 7.0, 6.0, 17.0]","[0.030000000000001137, 1.0229999999999961, 0.23000000000000398, 0.5500000000000043, 0.0799999999999983, 0.020000000000003126, 0.23000000000000398, 0.4450000000000003, 0.02400000000000091, 0.0799999999999983, 0.46000000000000085, -0.4799999999999969, 0.1109999999999971]","[0.05755947812740049, 1.9750941210541482, 0.43676414736043295, 1.0516252390057443, 0.1518026565464863, 0.0374812593703207, 0.4309537193179763, 0.8339580209895057, 0.044888340253620825, 0.14953271028037063, 0.8662900188323932, -0.9029345372460439, 0.21067015885668183]",2024-01-29 19:07:45
FV,ALGO_RSI_EMA_ADX_CGPT,9,8,1,0.6699,0.2050,2.6667,0.4045,0.22783368141256394,0.8888888888888888,2024-01-29 17:00:00+00:00,6,RSI_EMA_ADX_CGPT_P1_L.75_AV_1H_STOCK_RESULTS,"[2024-01-11T16:00:00+00:00, 2024-01-12T16:00:00+00:00, 2024-01-16T15:00:00+00:00, 2024-01-16T17:00:00+00:00, 2024-01-17T16:00:00+00:00, 2024-01-22T15:00:00+00:00, 2024-01-24T15:00:00+00:00, 2024-01-26T18:00:00+00:00, 2024-01-26T21:00:00+00:00]","[2024-01-11T19:00:00+00:00, 2024-01-12T18:00:00+00:00, 2024-01-16T16:00:00+00:00, 2024-01-16T21:00:00+00:00, 2024-01-18T16:00:00+00:00, 2024-01-22T16:00:00+00:00, 2024-01-24T16:00:00+00:00, 2024-01-26T20:00:00+00:00, 2024-01-29T17:00:00+00:00]","[3.0, 2.0, 1.0, 4.0, 7.0, 1.0, 1.0, 2.0, 3.0]","[0.30999999999999517, 0.060000000000002274, 0.33499999999999375, 0.08899999999999864, 0.8430000000000035, -0.33800000000000097, 0.32100000000000506, 0.11999999999999744, 0.10500000000000398]","[0.6118018551410996, 0.11811023622047692, 0.6623826000988506, 0.17543513827836754, 1.6783801541003913, -0.6379163914315391, 0.6054433316358382, 0.22783368141256394, 0.19927880053141772]",2024-01-29 18:53:00
TGNA,ALGO_RSI_EMA_ADX_CGPT,14,12,2,0.9356,0.0616,4.4286,0.4013,0.4552132419826793,0.8571428571428571,2024-01-25 15:00:00+00:00,10,RSI_EMA_ADX_CGPT_P1_L.75_AV_1H_STOCK_RESULTS,"[2023-12-20T21:00:00+00:00, 2023-12-21T17:00:00+00:00, 2023-12-22T19:00:00+00:00, 2023-12-26T21:00:00+00:00, 2024-01-03T16:00:00+00:00, 2024-01-03T19:00:00+00:00, 2024-01-03T21:00:00+00:00, 2024-01-05T21:00:00+00:00, 2024-01-10T16:00:00+00:00, 2024-01-10T18:00:00+00:00, 2024-01-11T15:00:00+00:00, 2024-01-16T16:00:00+00:00, 2024-01-18T16:00:00+00:00, 2024-01-24T19:00:00+00:00]","[2023-12-21T16:00:00+00:00, 2023-12-21T21:00:00+00:00, 2023-12-26T19:00:00+00:00, 2023-12-28T16:00:00+00:00, 2024-01-03T18:00:00+00:00, 2024-01-03T20:00:00+00:00, 2024-01-04T21:00:00+00:00, 2024-01-08T16:00:00+00:00, 2024-01-10T17:00:00+00:00, 2024-01-10T19:00:00+00:00, 2024-01-11T18:00:00+00:00, 2024-01-18T15:00:00+00:00, 2024-01-19T16:00:00+00:00, 2024-01-25T15:00:00+00:00]","[2.0, 4.0, 7.0, 9.0, 2.0, 1.0, 7.0, 2.0, 1.0, 1.0, 3.0, 13.0, 7.0, 3.0]","[0.14500000000000135, 0.054999999999999716, 0.08000000000000007, 0.0, 0.0600000000000005, 0.07000000000000028, 0.09999999999999964, 0.120000000000001, 0.07000000000000028, 0.036999999999999034, 0.019999999999999574, -0.120000000000001, 0.10999999999999943, 0.11499999999999844]","[0.9511315185306747, 0.35900783289817045, 0.5237315875613753, 0.0, 0.39113428943937745, 0.45632333767927175, 0.6553079947575338, 0.7812500000000066, 0.45410314628608683, 0.23932729624837665, 0.12932428063368623, -0.7802340702210727, 0.7217847769028835, 0.7357645553422805]",2024-01-29 19:22:41
FLGB,ALGO_RSI_EMA_ADX_CGPT,11,10,1,0.6017,0.0965,6.2727,0.3928,0.4604604604604542,0.9090909090909091,2024-01-12 19:00:00+00:00,23,RSI_EMA_ADX_CGPT_P1_L.75_AV_1H_STOCK_RESULTS,"[2023-12-12T18:00:00+00:00, 2023-12-13T15:00:00+00:00, 2023-12-15T16:00:00+00:00, 2023-12-20T21:00:00+00:00, 2023-12-29T20:00:00+00:00, 2024-01-02T16:00:00+00:00, 2024-01-04T18:00:00+00:00, 2024-01-05T18:00:00+00:00, 2024-01-09T16:00:00+00:00, 2024-01-11T18:00:00+00:00, 2024-01-12T17:00:00+00:00]","[2023-12-12T19:00:00+00:00, 2023-12-13T20:00:00+00:00, 2023-12-19T16:00:00+00:00, 2023-12-21T16:00:00+00:00, 2023-12-29T21:00:00+00:00, 2024-01-04T16:00:00+00:00, 2024-01-05T16:00:00+00:00, 2024-01-08T16:00:00+00:00, 2024-01-11T17:00:00+00:00, 2024-01-12T16:00:00+00:00, 2024-01-12T19:00:00+00:00]","[1.0, 5.0, 14.0, 2.0, 1.0, 14.0, 5.0, 5.0, 15.0, 5.0, 2.0]","[0.012999999999998124, 0.3240000000000016, 0.2710000000000008, 0.10500000000000043, 0.004999999999999005, 0.14499999999999957, 0.11499999999999844, 0.120000000000001, -0.2959999999999994, 0.19500000000000028, 0.06400000000000006]","[0.0526528959092674, 1.3401166397816173, 1.100775823550919, 0.4232164449818639, 0.019884668920258523, 0.5826803295157709, 0.4604604604604542, 0.48134777376655036, -1.1868008500060117, 0.7891541885876174, 0.2576489533011274]",2024-01-29 18:51:21
USA,ALGO_RSI_EMA_ADX_CGPT,6,6,0,1.2301,0.0248,5.3333,0.3907,0.2435344973797591,1.0,2024-01-25 18:00:00+00:00,10,RSI_EMA_ADX_CGPT_P1_L.75_AV_1H_STOCK_RESULTS,"[2024-01-03T19:00:00+00:00, 2024-01-05T17:00:00+00:00, 2024-01-05T20:00:00+00:00, 2024-01-22T19:00:00+00:00, 2024-01-23T16:00:00+00:00, 2024-01-24T16:00:00+00:00]","[2024-01-05T16:00:00+00:00, 2024-01-05T19:00:00+00:00, 2024-01-05T21:00:00+00:00, 2024-01-23T15:00:00+00:00, 2024-01-24T15:00:00+00:00, 2024-01-25T18:00:00+00:00]","[11.0, 2.0, 1.0, 3.0, 6.0, 9.0]","[0.041999999999999815, 0.016000000000000014, 0.01100000000000012, 0.015000000000000568, 0.05999999999999961, 0.004999999999999893]","[0.6677265500794883, 0.2536059597400541, 0.17435409732128895, 0.23346303501946408, 0.9374999999999939, 0.07733952049497128]",2024-01-29 19:25:39
FOXA,ALGO_RSI_EMA_ADX_CGPT,11,10,1,0.954,0.1091,1.4545,0.3631,0.3809839324167699,0.9090909090909091,2024-01-25 16:00:00+00:00,10,RSI_EMA_ADX_CGPT_P1_L.75_AV_1H_STOCK_RESULTS,"[2024-01-04T16:00:00+00:00, 2024-01-04T18:00:00+00:00, 2024-01-05T20:00:00+00:00, 2024-01-09T18:00:00+00:00, 2024-01-10T16:00:00+00:00, 2024-01-16T18:00:00+00:00, 2024-01-17T15:00:00+00:00, 2024-01-17T19:00:00+00:00, 2024-01-17T21:00:00+00:00, 2024-01-18T17:00:00+00:00, 2024-01-25T15:00:00+00:00]","[2024-01-04T17:00:00+00:00, 2024-01-04T21:00:00+00:00, 2024-01-05T21:00:00+00:00, 2024-01-09T19:00:00+00:00, 2024-01-10T17:00:00+00:00, 2024-01-16T21:00:00+00:00, 2024-01-17T16:00:00+00:00, 2024-01-17T20:00:00+00:00, 2024-01-18T16:00:00+00:00, 2024-01-18T18:00:00+00:00, 2024-01-25T16:00:00+00:00]","[1.0, 3.0, 1.0, 1.0, 1.0, 3.0, 1.0, 1.0, 2.0, 1.0, 1.0]","[0.16000000000000014, 0.129999999999999, 0.14999999999999858, 0.11500000000000199, 0.36499999999999844, 0.120000000000001, 0.004999999999999005, 0.09499999999999886, 0.08999999999999986, 0.09499999999999886, -0.125]","[0.5343129069961601, 0.43434680922151353, 0.5003335557037978, 0.3809839324167699, 1.214036254781302, 0.3916449086161912, 0.016233766233763002, 0.31005221932114513, 0.2937336814621405, 0.3094966606939204, -0.39086929330831766]",2024-01-29 18:52:13
IBHF,ALGO_RSI_EMA_ADX_CGPT,6,6,0,1.4418,0.0822,4.8333,0.3605,0.3214440941259711,1.0,2024-01-11 18:00:00+00:00,24,RSI_EMA_ADX_CGPT_P1_L.75_AV_1H_STOCK_RESULTS,"[2023-12-13T15:00:00+00:00, 2023-12-20T21:00:00+00:00, 2023-12-22T21:00:00+00:00, 2024-01-04T16:00:00+00:00, 2024-01-08T21:00:00+00:00, 2024-01-11T17:00:00+00:00]","[2023-12-13T20:00:00+00:00, 2023-12-21T16:00:00+00:00, 2023-12-26T16:00:00+00:00, 2024-01-08T19:00:00+00:00, 2024-01-09T16:00:00+00:00, 2024-01-11T18:00:00+00:00]","[5.0, 2.0, 2.0, 17.0, 2.0, 1.0]","[0.18900000000000006, 0.09499999999999886, 0.021999999999998465, 0.0920000000000023, 0.0400000000000027, 0.054999999999999716]","[0.8337744838538913, 0.41557305336832395, 0.09602793539938222, 0.4026610644257804, 0.17482517482518664, 0.24022712382616168]",2024-01-29 18:57:50
NFJ,ALGO_RSI_EMA_ADX_CGPT,11,11,0,2.1451,0.0424,5.0909,0.3397,0.32076984763431554,1.0,2024-01-26 21:00:00+00:00,9,RSI_EMA_ADX_CGPT_P1_L.75_AV_1H_STOCK_RESULTS,"[2024-01-09T16:00:00+00:00, 2024-01-11T15:00:00+00:00, 2024-01-12T17:00:00+00:00, 2024-01-12T20:00:00+00:00, 2024-01-17T15:00:00+00:00, 2024-01-17T19:00:00+00:00, 2024-01-18T17:00:00+00:00, 2024-01-18T20:00:00+00:00, 2024-01-19T21:00:00+00:00, 2024-01-24T17:00:00+00:00, 2024-01-24T19:00:00+00:00]","[2024-01-09T17:00:00+00:00, 2024-01-12T16:00:00+00:00, 2024-01-12T19:00:00+00:00, 2024-01-12T21:00:00+00:00, 2024-01-17T16:00:00+00:00, 2024-01-17T20:00:00+00:00, 2024-01-18T19:00:00+00:00, 2024-01-19T20:00:00+00:00, 2024-01-24T16:00:00+00:00, 2024-01-24T18:00:00+00:00, 2024-01-26T21:00:00+00:00]","[1.0, 8.0, 2.0, 1.0, 1.0, 1.0, 2.0, 7.0, 16.0, 1.0, 16.0]","[0.08099999999999952, 0.04499999999999993, 0.03999999999999915, 0.03500000000000014, 0.05000000000000071, 0.04499999999999993, 0.009999999999999787, 0.025000000000000355, 0.07000000000000028, 0.02999999999999936, 0.03500000000000014]","[0.6488305030438923, 0.3621730382293757, 0.32076984763431554, 0.28011204481792834, 0.399042298483645, 0.35999999999999943, 0.07980845969672616, 0.1998401278976847, 0.5638340716874771, 0.24086712163789128, 0.28123744475693163]",2024-01-29 19:07:48
BK,ALGO_RSI_EMA_ADX_CGPT,11,10,1,0.9838,0.1783,2.0909,0.3381,0.3717472118959113,0.9090909090909091,2024-01-25 16:00:00+00:00,10,RSI_EMA_ADX_CGPT_P1_L.75_AV_1H_STOCK_RESULTS,"[2023-12-21T16:00:00+00:00, 2024-01-02T15:00:00+00:00, 2024-01-03T16:00:00+00:00, 2024-01-03T21:00:00+00:00, 2024-01-04T21:00:00+00:00, 2024-01-10T17:00:00+00:00, 2024-01-11T15:00:00+00:00, 2024-01-11T17:00:00+00:00, 2024-01-18T16:00:00+00:00, 2024-01-23T16:00:00+00:00, 2024-01-25T15:00:00+00:00]","[2023-12-21T21:00:00+00:00, 2024-01-02T16:00:00+00:00, 2024-01-03T17:00:00+00:00, 2024-01-04T16:00:00+00:00, 2024-01-05T15:00:00+00:00, 2024-01-10T20:00:00+00:00, 2024-01-11T16:00:00+00:00, 2024-01-11T19:00:00+00:00, 2024-01-18T21:00:00+00:00, 2024-01-23T17:00:00+00:00, 2024-01-25T16:00:00+00:00]","[5.0, 1.0, 1.0, 2.0, 1.0, 3.0, 1.0, 2.0, 5.0, 1.0, 1.0]","[0.0449999999999946, -0.2149999999999963, 0.19999999999999574, 0.44999999999999574, 0.394999999999996, 0.08500000000000085, 0.19500000000000028, 0.19500000000000028, 0.31800000000000495, 0.17499999999999716, 0.1180000000000021]","[0.08760829358511554, -0.411168483457633, 0.38520801232664814, 0.8685581933989495, 0.7593233371780007, 0.16156624215928692, 0.3717472118959113, 0.3717472118959113, 0.5901456806161361, 0.32033681127585056, 0.2139231327048624]",2024-01-29 18:38:00
GFL,ALGO_RSI_EMA_ADX_CGPT,9,8,1,0.9412,0.1124,3.1111,0.3368,0.40878122634367303,0.8888888888888888,2024-01-29 17:00:00+00:00,6,RSI_EMA_ADX_CGPT_P1_L.75_AV_1H_STOCK_RESULTS,"[2024-01-11T21:00:00+00:00, 2024-01-16T17:00:00+00:00, 2024-01-19T18:00:00+00:00, 2024-01-24T16:00:00+00:00, 2024-01-24T20:00:00+00:00, 2024-01-25T16:00:00+00:00, 2024-01-25T18:00:00+00:00, 2024-01-26T18:00:00+00:00, 2024-01-29T16:00:00+00:00, 2024-01-29T18:00:00+00:00]","[2024-01-16T16:00:00+00:00, 2024-01-17T16:00:00+00:00, 2024-01-19T19:00:00+00:00, 2024-01-24T18:00:00+00:00, 2024-01-25T15:00:00+00:00, 2024-01-25T17:00:00+00:00, 2024-01-26T15:00:00+00:00, 2024-01-26T20:00:00+00:00, 2024-01-29T17:00:00+00:00]","[9.0, 6.0, 1.0, 2.0, 2.0, 1.0, 4.0, 2.0, 1.0]","[0.03499999999999659, -0.10999999999999943, 0.134999999999998, 0.2819999999999965, 0.2049999999999983, 0.04999999999999716, 0.2049999999999983, 0.030000000000001137, 0.17999999999999972]","[0.10705000764641869, -0.3370098039215669, 0.40878122634367303, 0.8463385354141552, 0.6121230217975464, 0.14943215780035016, 0.6159855769230718, 0.08984725965858381, 0.5384385282680219]",2024-01-29 18:53:40
PTY,ALGO_RSI_EMA_ADX_CGPT,7,7,0,1.1795,0.0453,3.1429,0.3341,0.25716385011021414,1.0,2024-01-23 20:00:00+00:00,12,RSI_EMA_ADX_CGPT_P1_L.75_AV_1H_STOCK_RESULTS,"[2024-01-12T19:00:00+00:00, 2024-01-16T20:00:00+00:00, 2024-01-17T16:00:00+00:00, 2024-01-17T21:00:00+00:00, 2024-01-22T19:00:00+00:00, 2024-01-23T16:00:00+00:00, 2024-01-23T19:00:00+00:00]","[2024-01-12T20:00:00+00:00, 2024-01-16T21:00:00+00:00, 2024-01-17T20:00:00+00:00, 2024-01-19T19:00:00+00:00, 2024-01-22T20:00:00+00:00, 2024-01-23T18:00:00+00:00, 2024-01-23T20:00:00+00:00]","[1.0, 1.0, 4.0, 12.0, 1.0, 2.0, 1.0]","[0.13000000000000078, 0.04499999999999993, 0.03500000000000014, 0.012000000000000455, 0.05000000000000071, 0.019999999999999574, 0.025000000000000355]","[0.9608277900960885, 0.3310040456050013, 0.25716385011021414, 0.08862629246676851, 0.3695491500369602, 0.14749262536872842, 0.18429782528566427]",2024-01-29 19:13:45
BGB,ALGO_RSI_EMA_ADX_CGPT,6,6,0,1.2356,0.0368,6.5000,0.3273,0.23057850953522457,1.0,2024-01-05 19:00:00+00:00,30,RSI_EMA_ADX_CGPT_P1_L.75_AV_1H_STOCK_RESULTS,"[2023-12-19T21:00:00+00:00, 2023-12-26T18:00:00+00:00, 2023-12-27T19:00:00+00:00, 2023-12-28T17:00:00+00:00, 2024-01-03T16:00:00+00:00, 2024-01-05T18:00:00+00:00]","[2023-12-22T16:00:00+00:00, 2023-12-26T19:00:00+00:00, 2023-12-28T15:00:00+00:00, 2023-12-28T21:00:00+00:00, 2024-01-05T16:00:00+00:00, 2024-01-05T19:00:00+00:00]","[16.0, 1.0, 3.0, 4.0, 14.0, 1.0]","[0.08800000000000097, 0.0600000000000005, 0.03200000000000003, 0.015000000000000568, 0.006000000000000227, 0.019999999999999574]","[0.7824308704543519, 0.533807829181499, 0.28353712564238903, 0.13291980505095763, 0.05319620533735462, 0.17761989342806014]",2024-01-29 18:37:18
AGNCN,ALGO_RSI_EMA_ADX_CGPT,7,6,1,1.0652,0.0806,6.7143,0.3185,0.2753737214791374,0.8571428571428571,2024-01-26 20:00:00+00:00,9,RSI_EMA_ADX_CGPT_P1_L.75_AV_1H_STOCK_RESULTS,"[2023-12-18T21:00:00+00:00, 2023-12-20T21:00:00+00:00, 2023-12-26T18:00:00+00:00, 2024-01-17T16:00:00+00:00, 2024-01-23T18:00:00+00:00, 2024-01-25T21:00:00+00:00, 2024-01-26T18:00:00+00:00]","[2023-12-19T16:00:00+00:00, 2023-12-21T16:00:00+00:00, 2024-01-03T15:00:00+00:00, 2024-01-17T21:00:00+00:00, 2024-01-23T20:00:00+00:00, 2024-01-26T16:00:00+00:00, 2024-01-26T20:00:00+00:00]","[2.0, 2.0, 32.0, 5.0, 2.0, 2.0, 2.0]","[0.06999999999999673, 0.23000000000000043, 0.08999999999999986, 0.120000000000001, 0.04400000000000048, 0.0, 0.010000000000001563]","[0.2753737214791374, 0.9065825778478535, 0.3613732182292706, 0.4737465455981089, 0.17320107069752985, 0.0, 0.039261876717713244]",2024-01-29 18:32:38
AGO,ALGO_RSI_EMA_ADX_CGPT,9,9,0,1.6848,0.2294,2.2222,0.3047,0.3047568570292884,1.0,2024-01-17 21:00:00+00:00,18,RSI_EMA_ADX_CGPT_P1_L.75_AV_1H_STOCK_RESULTS,"[2024-01-08T19:00:00+00:00, 2024-01-09T16:00:00+00:00, 2024-01-09T20:00:00+00:00, 2024-01-11T16:00:00+00:00, 2024-01-12T16:00:00+00:00, 2024-01-16T16:00:00+00:00, 2024-01-16T18:00:00+00:00, 2024-01-16T20:00:00+00:00, 2024-01-17T19:00:00+00:00]","[2024-01-08T20:00:00+00:00, 2024-01-09T19:00:00+00:00, 2024-01-10T20:00:00+00:00, 2024-01-11T19:00:00+00:00, 2024-01-12T17:00:00+00:00, 2024-01-16T17:00:00+00:00, 2024-01-16T19:00:00+00:00, 2024-01-16T21:00:00+00:00, 2024-01-17T21:00:00+00:00]","[1.0, 3.0, 7.0, 3.0, 1.0, 1.0, 1.0, 1.0, 2.0]","[0.38000000000000966, 0.4099999999999966, 0.3649999999999949, 0.12000000000000455, 0.03999999999999204, 0.13000000000000966, 0.10000000000000853, 0.23000000000000398, 0.28999999999999204]","[0.5045140732873205, 0.5471043501467795, 0.48485653560041825, 0.15936254980080286, 0.05307151386492243, 0.1723909295849485, 0.13246787653995037, 0.3047568570292884, 0.3840550920407787]",2024-01-29 18:32:42
INDY,ALGO_RSI_EMA_ADX_CGPT,6,6,0,1.3315,0.1470,5.5000,0.2996,0.32007093839154677,1.0,2024-01-19 15:00:00+00:00,16,RSI_EMA_ADX_CGPT_P1_L.75_AV_1H_STOCK_RESULTS,"[2024-01-02T15:00:00+00:00, 2024-01-05T15:00:00+00:00, 2024-01-08T16:00:00+00:00, 2024-01-09T16:00:00+00:00, 2024-01-11T16:00:00+00:00, 2024-01-18T17:00:00+00:00]","[2024-01-04T16:00:00+00:00, 2024-01-05T16:00:00+00:00, 2024-01-08T19:00:00+00:00, 2024-01-10T15:00:00+00:00, 2024-01-11T19:00:00+00:00, 2024-01-19T15:00:00+00:00]","[15.0, 1.0, 3.0, 6.0, 3.0, 5.0]","[0.24499999999999744, 0.07000000000000028, 0.00999999999999801, 0.25, 0.04999999999999716, 0.2569999999999979]","[0.49872773536895154, 0.141414141414142, 0.02030456852791474, 0.5105166428425567, 0.10162601626015683, 0.5247789598350069]",2024-01-29 18:59:18
ZECP,ALGO_RSI_EMA_ADX_CGPT,6,6,0,2.9284,0.0777,6.1667,0.2985,0.30055187491695723,1.0,2024-01-18 20:00:00+00:00,17,RSI_EMA_ADX_CGPT_P1_L.75_AV_1H_STOCK_RESULTS,"[2023-12-29T17:00:00+00:00, 2024-01-02T19:00:00+00:00, 2024-01-03T16:00:00+00:00, 2024-01-11T17:00:00+00:00, 2024-01-16T18:00:00+00:00, 2024-01-17T16:00:00+00:00]","[2023-12-29T18:00:00+00:00, 2024-01-02T21:00:00+00:00, 2024-01-08T19:00:00+00:00, 2024-01-11T19:00:00+00:00, 2024-01-16T21:00:00+00:00, 2024-01-18T20:00:00+00:00]","[1.0, 2.0, 20.0, 1.0, 2.0, 11.0]","[0.060000000000002274, 0.06099999999999994, 0.09499999999999886, 0.10000000000000142, 0.10999999999999943, 0.0400000000000027]","[0.23085802231628424, 0.23473275099087984, 0.3663709988430346, 0.38358266206368014, 0.42226487523992107, 0.1533742331288447]",2024-01-29 19:30:45
VSDA,ALGO_RSI_EMA_ADX_CGPT,7,7,0,1.7817,0.1301,8.5714,0.2773,0.29749256268593405,1.0,2024-01-29 19:00:00+00:00,6,RSI_EMA_ADX_CGPT_P1_L.75_AV_1H_STOCK_RESULTS,"[2024-01-04T16:00:00+00:00, 2024-01-09T17:00:00+00:00, 2024-01-11T16:00:00+00:00, 2024-01-12T17:00:00+00:00, 2024-01-16T16:00:00+00:00, 2024-01-24T19:00:00+00:00, 2024-01-29T17:00:00+00:00]","[2024-01-08T20:00:00+00:00, 2024-01-10T21:00:00+00:00, 2024-01-11T20:00:00+00:00, 2024-01-12T19:00:00+00:00, 2024-01-18T20:00:00+00:00, 2024-01-25T21:00:00+00:00, 2024-01-29T19:00:00+00:00]","[18.0, 8.0, 3.0, 2.0, 18.0, 9.0, 2.0]","[0.14000000000000057, 0.09100000000000108, 0.25, 0.0449999999999946, 0.18999999999999773, 0.14499999999999602, 0.05000000000000426]","[0.29749256268593405, 0.19338249357162818, 0.53475935828877, 0.0957039557634934, 0.405809483126864, 0.30801911842803187, 0.1059546514092059]",2024-01-29 19:27:44
LSXMA,ALGO_RSI_EMA_ADX_CGPT,15,14,1,0.7863,0.0808,1.8667,0.2722,0.161446561188249,0.9333333333333333,2024-01-29 15:00:00+00:00,6,RSI_EMA_ADX_CGPT_P1_L.75_AV_1H_STOCK_RESULTS,"[2023-12-18T17:00:00+00:00, 2023-12-18T20:00:00+00:00, 2023-12-20T21:00:00+00:00, 2023-12-27T20:00:00+00:00, 2023-12-29T15:00:00+00:00, 2024-01-12T15:00:00+00:00, 2024-01-12T17:00:00+00:00, 2024-01-16T16:00:00+00:00, 2024-01-18T15:00:00+00:00, 2024-01-23T19:00:00+00:00, 2024-01-23T21:00:00+00:00, 2024-01-24T16:00:00+00:00, 2024-01-25T16:00:00+00:00, 2024-01-25T21:00:00+00:00, 2024-01-26T19:00:00+00:00, 2024-01-29T16:00:00+00:00]","[2023-12-18T19:00:00+00:00, 2023-12-18T21:00:00+00:00, 2023-12-21T15:00:00+00:00, 2023-12-28T16:00:00+00:00, 2023-12-29T18:00:00+00:00, 2024-01-12T16:00:00+00:00, 2024-01-12T18:00:00+00:00, 2024-01-16T17:00:00+00:00, 2024-01-18T16:00:00+00:00, 2024-01-23T20:00:00+00:00, 2024-01-24T15:00:00+00:00, 2024-01-24T20:00:00+00:00, 2024-01-25T20:00:00+00:00, 2024-01-26T15:00:00+00:00, 2024-01-29T15:00:00+00:00]","[2.0, 1.0, 1.0, 3.0, 3.0, 1.0, 1.0, 1.0, 1.0, 1.0, 1.0, 4.0, 4.0, 1.0, 3.0]","[0.00999999999999801, 0.08000000000000185, 0.19500000000000028, 0.07499999999999929, 0.10999999999999943, 0.0020000000000024443, 0.19000000000000128, 0.019999999999999574, 0.010000000000001563, 0.05000000000000071, 0.23000000000000043, 0.019999999999999574, 0.019999999999999574, 0.28999999999999915, -0.08999999999999986]","[0.036231884057963806, 0.29048656499637565, 0.6973001966744155, 0.2619172341540048, 0.3838101884159087, 0.006602839220873041, 0.6283068783068826, 0.0658544616397747, 0.032425421530484964, 0.161446561188249, 0.743614613643713, 0.06449532408900216, 0.06451612903225669, 0.9360877985797261, -0.2901821699177813]",2024-01-29 19:04:14
BBLU,ALGO_RSI_EMA_ADX_CGPT,8,7,1,0.823,0.0271,6.0000,0.2629,0.21810576074453245,0.875,2024-01-18 20:00:00+00:00,17,RSI_EMA_ADX_CGPT_P1_L.75_AV_1H_STOCK_RESULTS,"[2023-12-21T15:00:00+00:00, 2023-12-22T20:00:00+00:00, 2023-12-29T16:00:00+00:00, 2024-01-02T16:00:00+00:00, 2024-01-04T18:00:00+00:00, 2024-01-05T17:00:00+00:00, 2024-01-17T19:00:00+00:00, 2024-01-18T18:00:00+00:00]","[2023-12-22T16:00:00+00:00, 2023-12-26T16:00:00+00:00, 2024-01-02T15:00:00+00:00, 2024-01-04T17:00:00+00:00, 2024-01-05T16:00:00+00:00, 2024-01-08T15:00:00+00:00, 2024-01-18T16:00:00+00:00, 2024-01-18T20:00:00+00:00]","[8.0, 3.0, 6.0, 15.0, 5.0, 5.0, 4.0, 2.0]","[0.08199999999999896, 0.019999999999999574, -0.03500000000000014, 0.014999999999998792, 0.019999999999999574, 0.025000000000000355, 0.040000000000000924, 0.049999999999998934]","[0.7985975847292458, 0.19361084220715946, -0.3380009657170463, 0.14513788098692587, 0.19361084220715946, 0.24260067928190543, 0.38610038610039504, 0.4812319538017222]",2024-01-29 18:36:30
VFH,ALGO_RSI_EMA_ADX_CGPT,10,9,1,0.672,0.2322,5.8000,0.2529,0.26972137575009436,0.9,2024-01-18 21:00:00+00:00,17,RSI_EMA_ADX_CGPT_P1_L.75_AV_1H_STOCK_RESULTS,"[2024-01-02T20:00:00+00:00, 2024-01-03T15:00:00+00:00, 2024-01-04T20:00:00+00:00, 2024-01-05T20:00:00+00:00, 2024-01-08T16:00:00+00:00, 2024-01-09T16:00:00+00:00, 2024-01-09T18:00:00+00:00, 2024-01-11T15:00:00+00:00, 2024-01-12T16:00:00+00:00, 2024-01-17T16:00:00+00:00]","[2024-01-02T21:00:00+00:00, 2024-01-04T16:00:00+00:00, 2024-01-05T16:00:00+00:00, 2024-01-05T21:00:00+00:00, 2024-01-08T19:00:00+00:00, 2024-01-09T17:00:00+00:00, 2024-01-10T20:00:00+00:00, 2024-01-12T15:00:00+00:00, 2024-01-17T15:00:00+00:00, 2024-01-18T21:00:00+00:00]","[1.0, 8.0, 3.0, 1.0, 3.0, 1.0, 9.0, 7.0, 13.0, 12.0]","[0.3500000000000085, 0.7900000000000063, 0.5840000000000032, 0.23000000000000398, 0.1700000000000017, 0.29300000000000637, 0.13000000000000966, 0.26500000000000057, -0.5100000000000051, 0.01999999999999602]","[0.3804761387107387, 0.8642380483535788, 0.6355701630281035, 0.2502992708673457, 0.18486298390604797, 0.31897405750242913, 0.14119691539047427, 0.28914348063284295, -0.5578647998249892, 0.0220191566662953]",2024-01-29 19:26:52
SPGI,ALGO_RSI_EMA_ADX_CGPT,7,7,0,1.658,1.0717,2.1429,0.2460,0.19285105619590387,1.0,2024-01-26 20:00:00+00:00,9,RSI_EMA_ADX_CGPT_P1_L.75_AV_1H_STOCK_RESULTS,"[2024-01-08T17:00:00+00:00, 2024-01-09T16:00:00+00:00, 2024-01-09T20:00:00+00:00, 2024-01-11T16:00:00+00:00, 2024-01-18T18:00:00+00:00, 2024-01-25T16:00:00+00:00, 2024-01-26T19:00:00+00:00, 2024-01-29T18:00:00+00:00]","[2024-01-08T21:00:00+00:00, 2024-01-09T17:00:00+00:00, 2024-01-10T18:00:00+00:00, 2024-01-11T18:00:00+00:00, 2024-01-18T19:00:00+00:00, 2024-01-25T17:00:00+00:00, 2024-01-26T20:00:00+00:00]","[4.0, 1.0, 5.0, 2.0, 1.0, 1.0, 1.0]","[2.3600000000000136, 0.9020000000000437, 0.5299999999999727, 0.5399999999999636, 0.8100000000000023, 1.5, 0.8600000000000136]","[0.5490926012098682, 0.20912159655761828, 0.12302978249262347, 0.1250752767869467, 0.18572869852334273, 0.3373819163292847, 0.19285105619590387]",2024-01-29 19:20:03
ESGRO,ALGO_RSI_EMA_ADX_CGPT,9,8,1,0.9972,0.0584,2.2222,0.2347,0.22657054582904107,0.8888888888888888,2024-01-25 17:00:00+00:00,10,RSI_EMA_ADX_CGPT_P1_L.75_AV_1H_STOCK_RESULTS,"[2023-12-26T16:00:00+00:00, 2024-01-05T18:00:00+00:00, 2024-01-09T21:00:00+00:00, 2024-01-10T20:00:00+00:00, 2024-01-17T21:00:00+00:00, 2024-01-18T19:00:00+00:00, 2024-01-23T17:00:00+00:00, 2024-01-24T16:00:00+00:00, 2024-01-24T21:00:00+00:00]","[2023-12-26T17:00:00+00:00, 2024-01-05T19:00:00+00:00, 2024-01-10T18:00:00+00:00, 2024-01-12T15:00:00+00:00, 2024-01-18T18:00:00+00:00, 2024-01-19T20:00:00+00:00, 2024-01-23T20:00:00+00:00, 2024-01-24T20:00:00+00:00, 2024-01-25T17:00:00+00:00]","[1.0, 1.0, 1.0, 6.0, 2.0, 5.0, 1.0, 2.0, 1.0]","[0.054999999999999716, 0.005000000000002558, 0.08999999999999986, 0.06700000000000017, -0.019999999999999574, 0.1650000000000027, 0.04800000000000182, 0.11299999999999955, 0.0030000000000001137]","[0.22657054582904107, 0.020024028834611768, 0.36144578313252956, 0.26821457165732654, -0.07993605115907104, 0.6611901422560718, 0.19062748212868078, 0.4518192722910817, 0.011941249054651569]",2024-01-29 18:48:48
DIA,ALGO_RSI_EMA_ADX_CGPT,12,12,0,1.304,0.8770,4.5833,0.2336,0.2446814542784998,1.0,2024-01-25 19:00:00+00:00,10,RSI_EMA_ADX_CGPT_P1_L.75_AV_1H_STOCK_RESULTS,"[2024-01-02T20:00:00+00:00, 2024-01-03T16:00:00+00:00, 2024-01-04T18:00:00+00:00, 2024-01-09T16:00:00+00:00, 2024-01-09T20:00:00+00:00, 2024-01-10T15:00:00+00:00, 2024-01-11T16:00:00+00:00, 2024-01-12T16:00:00+00:00, 2024-01-12T20:00:00+00:00, 2024-01-16T15:00:00+00:00, 2024-01-24T21:00:00+00:00, 2024-01-25T18:00:00+00:00]","[2024-01-02T21:00:00+00:00, 2024-01-04T16:00:00+00:00, 2024-01-08T20:00:00+00:00, 2024-01-09T17:00:00+00:00, 2024-01-09T21:00:00+00:00, 2024-01-10T16:00:00+00:00, 2024-01-11T19:00:00+00:00, 2024-01-12T19:00:00+00:00, 2024-01-12T21:00:00+00:00, 2024-01-18T20:00:00+00:00, 2024-01-25T15:00:00+00:00, 2024-01-25T19:00:00+00:00]","[1.0, 7.0, 16.0, 1.0, 1.0, 1.0, 3.0, 3.0, 1.0, 19.0, 1.0, 1.0]","[1.150000000000034, 1.9099999999999682, 0.7509999999999764, 1.2800000000000296, 0.22000000000002728, 0.19999999999998863, 1.5400000000000205, 1.0850000000000364, 0.3800000000000523, 0.09800000000001319, 1.75, 0.160000000000025]","[0.3058917409230042, 0.5101904532948602, 0.20003729057346945, 0.34223683858721143, 0.05866353794465023, 0.05320988639688952, 0.4106557158475829, 0.2893256179835301, 0.1011903176843534, 0.02621021663546756, 0.46285275992488567, 0.04229335729957574]",2024-01-29 18:45:23
CWS,ALGO_RSI_EMA_ADX_CGPT,7,6,1,0.6929,0.1217,2.5714,0.2087,0.10224948875256011,0.8571428571428571,2024-01-25 20:00:00+00:00,10,RSI_EMA_ADX_CGPT_P1_L.75_AV_1H_STOCK_RESULTS,"[2024-01-08T16:00:00+00:00, 2024-01-09T15:00:00+00:00, 2024-01-09T17:00:00+00:00, 2024-01-17T18:00:00+00:00, 2024-01-18T19:00:00+00:00, 2024-01-24T21:00:00+00:00, 2024-01-25T16:00:00+00:00]","[2024-01-08T21:00:00+00:00, 2024-01-09T16:00:00+00:00, 2024-01-09T18:00:00+00:00, 2024-01-18T16:00:00+00:00, 2024-01-18T20:00:00+00:00, 2024-01-25T15:00:00+00:00, 2024-01-25T20:00:00+00:00]","[5.0, 1.0, 1.0, 5.0, 1.0, 1.0, 4.0]","[0.41900000000000404, 0.05100000000000193, 0.00999999999999801, 0.09499999999999886, 0.060000000000002274, 0.30700000000000216, -0.09000000000000341]","[0.7232742400441975, 0.08785681062550937, 0.01714089818306138, 0.16281062553555933, 0.10224948875256011, 0.5193706648621251, -0.15174506828528647]",2024-01-29 18:43:54
FXB,ALGO_RSI_EMA_ADX_CGPT,14,13,1,0.7729,0.2518,4.7143,0.2067,0.1430878598453906,0.9285714285714286,2024-01-29 15:00:00+00:00,6,RSI_EMA_ADX_CGPT_P1_L.75_AV_1H_STOCK_RESULTS,"[2023-12-18T21:00:00+00:00, 2023-12-20T16:00:00+00:00, 2023-12-28T20:00:00+00:00, 2024-01-02T16:00:00+00:00, 2024-01-04T18:00:00+00:00, 2024-01-05T15:00:00+00:00, 2024-01-09T16:00:00+00:00, 2024-01-11T16:00:00+00:00, 2024-01-16T16:00:00+00:00, 2024-01-18T16:00:00+00:00, 2024-01-19T16:00:00+00:00, 2024-01-23T16:00:00+00:00, 2024-01-25T17:00:00+00:00, 2024-01-26T21:00:00+00:00, 2024-01-29T17:00:00+00:00]","[2023-12-19T16:00:00+00:00, 2023-12-21T20:00:00+00:00, 2023-12-29T15:00:00+00:00, 2024-01-04T16:00:00+00:00, 2024-01-04T21:00:00+00:00, 2024-01-05T16:00:00+00:00, 2024-01-10T16:00:00+00:00, 2024-01-11T18:00:00+00:00, 2024-01-18T15:00:00+00:00, 2024-01-18T19:00:00+00:00, 2024-01-19T20:00:00+00:00, 2024-01-24T16:00:00+00:00, 2024-01-25T21:00:00+00:00, 2024-01-29T15:00:00+00:00]","[2.0, 9.0, 2.0, 14.0, 3.0, 1.0, 6.0, 2.0, 12.0, 3.0, 2.0, 6.0, 3.0, 1.0]","[0.7919999999999874, 0.12099999999999511, 0.18000000000000682, 0.730000000000004, 0.03999999999999204, 0.01999999999999602, 0.4399999999999977, 0.18999999999999773, 0.13000000000000966, 0.1909999999999883, 0.1700000000000017, 0.730000000000004, 0.12999999999999545, -0.33899999999999864]","[0.6502996961983638, 0.09921367016783927, 0.14684287812041671, 0.6017640755090297, 0.03282185935832612, 0.01632519794302181, 0.3605670736704071, 0.15555919436711785, 0.10673234811166639, 0.15668580803936694, 0.1393328415703645, 0.598507829794215, 0.10640039286298532, -0.2771645818003423]",2024-01-29 18:53:02
RZB,ALGO_RSI_EMA_ADX_CGPT,8,7,1,0.7261,0.0519,4.8750,0.2052,0.2161564706984952,0.875,2024-01-26 21:00:00+00:00,9,RSI_EMA_ADX_CGPT_P1_L.75_AV_1H_STOCK_RESULTS,"[2024-01-05T18:00:00+00:00, 2024-01-08T19:00:00+00:00, 2024-01-10T20:00:00+00:00, 2024-01-12T19:00:00+00:00, 2024-01-16T16:00:00+00:00, 2024-01-17T18:00:00+00:00, 2024-01-18T17:00:00+00:00, 2024-01-26T19:00:00+00:00]","[2024-01-08T16:00:00+00:00, 2024-01-09T20:00:00+00:00, 2024-01-11T16:00:00+00:00, 2024-01-12T20:00:00+00:00, 2024-01-17T17:00:00+00:00, 2024-01-17T21:00:00+00:00, 2024-01-19T21:00:00+00:00, 2024-01-26T21:00:00+00:00]","[5.0, 6.0, 3.0, 1.0, 8.0, 3.0, 11.0, 2.0]","[-0.07000000000000028, 0.0400000000000027, 0.0799999999999983, 0.07000000000000028, 0.010000000000001563, 0.10000000000000142, 0.1700000000000017, 0.015000000000000568]","[-0.27591643673630384, 0.15704750687083904, 0.3147128245475936, 0.2752654345261513, 0.03937007874016364, 0.3957261574990163, 0.6764822920811847, 0.05899705014749486]",2024-01-29 19:16:53
XSEP,ALGO_RSI_EMA_ADX_CGPT,7,7,0,1.0852,0.0693,4.8571,0.1938,0.15715328057472466,1.0,2024-01-18 21:00:00+00:00,17,RSI_EMA_ADX_CGPT_P1_L.75_AV_1H_STOCK_RESULTS,"[2023-12-20T21:00:00+00:00, 2023-12-21T19:00:00+00:00, 2024-01-02T16:00:00+00:00, 2024-01-05T20:00:00+00:00, 2024-01-11T17:00:00+00:00, 2024-01-17T17:00:00+00:00, 2024-01-18T20:00:00+00:00]","[2023-12-21T18:00:00+00:00, 2023-12-21T21:00:00+00:00, 2024-01-05T16:00:00+00:00, 2024-01-08T19:00:00+00:00, 2024-01-11T20:00:00+00:00, 2024-01-18T16:00:00+00:00, 2024-01-18T21:00:00+00:00]","[2.0, 2.0, 19.0, 3.0, 1.0, 6.0, 1.0]","[0.055999999999997385, 0.09000000000000341, 0.012000000000000455, 0.19600000000000506, 0.0379999999999967, 0.08300000000000551, 0.00999999999999801]","[0.15715328057472466, 0.25245441795232376, 0.03351206434316481, 0.5491734379378119, 0.10572589171441962, 0.23115270003065008, 0.027777777777772253]",2024-01-29 19:30:11
DGRW,ALGO_RSI_EMA_ADX_CGPT,7,6,1,0.9437,0.1343,4.5714,0.1910,0.24257990867580154,0.8571428571428571,2024-01-26 20:00:00+00:00,9,RSI_EMA_ADX_CGPT_P1_L.75_AV_1H_STOCK_RESULTS,"[2024-01-03T17:00:00+00:00, 2024-01-05T16:00:00+00:00, 2024-01-09T16:00:00+00:00, 2024-01-11T16:00:00+00:00, 2024-01-17T18:00:00+00:00, 2024-01-18T18:00:00+00:00, 2024-01-26T19:00:00+00:00, 2024-01-29T16:00:00+00:00]","[2024-01-05T15:00:00+00:00, 2024-01-08T18:00:00+00:00, 2024-01-09T17:00:00+00:00, 2024-01-11T19:00:00+00:00, 2024-01-18T16:00:00+00:00, 2024-01-18T19:00:00+00:00, 2024-01-26T20:00:00+00:00]","[12.0, 9.0, 1.0, 3.0, 5.0, 1.0, 1.0]","[-0.14000000000000057, 0.028999999999996362, 0.24499999999999034, 0.22999999999998977, 0.24099999999999966, 0.1700000000000017, 0.16499999999999204]","[-0.2006880733944962, 0.04151694320767972, 0.35050071530756843, 0.32814952204307285, 0.3445367339061311, 0.24257990867580154, 0.23033433377537801]",2024-01-29 18:45:16
AEL,ALGO_RSI_EMA_ADX_CGPT,9,8,1,0.8084,0.0878,2.8889,0.1585,0.1260806916426518,0.8888888888888888,2024-01-26 18:00:00+00:00,9,RSI_EMA_ADX_CGPT_P1_L.75_AV_1H_STOCK_RESULTS,"[2023-12-12T17:00:00+00:00, 2023-12-12T21:00:00+00:00, 2023-12-13T19:00:00+00:00, 2023-12-15T21:00:00+00:00, 2024-01-23T18:00:00+00:00, 2024-01-23T21:00:00+00:00, 2024-01-24T21:00:00+00:00, 2024-01-25T17:00:00+00:00, 2024-01-26T17:00:00+00:00, 2024-01-26T21:00:00+00:00]","[2023-12-12T20:00:00+00:00, 2023-12-13T17:00:00+00:00, 2023-12-13T20:00:00+00:00, 2023-12-18T16:00:00+00:00, 2024-01-23T20:00:00+00:00, 2024-01-24T20:00:00+00:00, 2024-01-25T16:00:00+00:00, 2024-01-26T16:00:00+00:00, 2024-01-26T18:00:00+00:00]","[3.0, 3.0, 1.0, 2.0, 2.0, 6.0, 2.0, 6.0, 1.0]","[-0.005000000000002558, 0.10499999999999687, 0.3500000000000014, 0.030000000000001137, 0.10000000000000142, 0.07000000000000028, 0.060000000000002274, 0.00999999999999801, 0.07000000000000028]","[-0.009035872413486143, 0.1898905868523318, 0.6329113924050659, 0.05407354001442167, 0.18027762754642404, 0.12619433928249554, 0.108166576527857, 0.01801152737751803, 0.1260806916426518]",2024-01-29 18:32:17
FAUG,ALGO_RSI_EMA_ADX_CGPT,8,7,1,0.671,0.0601,5.2500,0.1487,0.15405687713182128,0.875,2024-01-18 19:00:00+00:00,17,RSI_EMA_ADX_CGPT_P1_L.75_AV_1H_STOCK_RESULTS,"[2023-12-29T17:00:00+00:00, 2024-01-02T16:00:00+00:00, 2024-01-05T17:00:00+00:00, 2024-01-11T18:00:00+00:00, 2024-01-16T15:00:00+00:00, 2024-01-16T19:00:00+00:00, 2024-01-17T16:00:00+00:00, 2024-01-18T18:00:00+00:00]","[2023-12-29T19:00:00+00:00, 2024-01-05T16:00:00+00:00, 2024-01-08T17:00:00+00:00, 2024-01-11T19:00:00+00:00, 2024-01-16T16:00:00+00:00, 2024-01-16T21:00:00+00:00, 2024-01-18T16:00:00+00:00, 2024-01-18T19:00:00+00:00]","[2.0, 21.0, 7.0, 1.0, 1.0, 2.0, 7.0, 1.0]","[0.013999999999995794, -0.10999999999999943, 0.14999999999999858, 0.030000000000001137, 0.054000000000002046, 0.07099999999999795, 0.1109999999999971, 0.16100000000000136]","[0.03455083909179613, -0.27227722772277085, 0.373320059731206, 0.07387343018961127, 0.13310327828445168, 0.1750104759791909, 0.2741823930441584, 0.39788453934361745]",2024-01-29 18:50:05
STPZ,ALGO_RSI_EMA_ADX_CGPT,8,8,0,1.1559,0.0536,10.5000,0.1051,0.0860335780999397,1.0,2024-01-25 16:00:00+00:00,10,RSI_EMA_ADX_CGPT_P1_L.75_AV_1H_STOCK_RESULTS,"[2023-12-12T20:00:00+00:00, 2023-12-29T19:00:00+00:00, 2024-01-04T16:00:00+00:00, 2024-01-05T17:00:00+00:00, 2024-01-08T19:00:00+00:00, 2024-01-10T18:00:00+00:00, 2024-01-17T16:00:00+00:00, 2024-01-23T15:00:00+00:00]","[2023-12-13T16:00:00+00:00, 2024-01-03T20:00:00+00:00, 2024-01-05T16:00:00+00:00, 2024-01-08T17:00:00+00:00, 2024-01-10T16:00:00+00:00, 2024-01-11T16:00:00+00:00, 2024-01-22T16:00:00+00:00, 2024-01-25T16:00:00+00:00]","[3.0, 15.0, 7.0, 7.0, 11.0, 5.0, 21.0, 15.0]","[0.06499999999999773, 0.010000000000005116, 0.030000000000001137, 0.030000000000001137, 0.01999999999999602, 0.1460000000000008, 0.05799999999999983, 0.07000000000000028]","[0.12866191607283792, 0.01954079140206178, 0.0586969281940934, 0.05870841487280066, 0.0391389432485245, 0.285971716222041, 0.11335874132707872, 0.13685239491691162]",2024-01-29 19:21:17
VIXM,ALGO_TRIPLE_SCREEN_CGPT,11,10,1,0.908,0.0851,2.2727,0.5057,0.5730659025788047,0.9090909090909091,2024-01-18 17:00:00+00:00,17,TRIPLE_SCREEN_CGPT_1H_STOCK_RESULTS,"[2023-12-18T21:00:00+00:00, 2023-12-19T17:00:00+00:00, 2023-12-20T15:00:00+00:00, 2023-12-20T17:00:00+00:00, 2023-12-20T20:00:00+00:00, 2023-12-21T15:00:00+00:00, 2023-12-21T19:00:00+00:00, 2024-01-16T18:00:00+00:00, 2024-01-17T17:00:00+00:00, 2024-01-17T19:00:00+00:00, 2024-01-18T15:00:00+00:00]","[2023-12-19T16:00:00+00:00, 2023-12-19T21:00:00+00:00, 2023-12-20T16:00:00+00:00, 2023-12-20T19:00:00+00:00, 2023-12-20T21:00:00+00:00, 2023-12-21T18:00:00+00:00, 2023-12-21T21:00:00+00:00, 2024-01-17T16:00:00+00:00, 2024-01-17T18:00:00+00:00, 2024-01-17T21:00:00+00:00, 2024-01-18T17:00:00+00:00]","[2.0, 4.0, 1.0, 2.0, 1.0, 3.0, 2.0, 5.0, 1.0, 2.0, 2.0]","[0.10000000000000142, 0.2699999999999996, 0.1529999999999987, 0.14000000000000057, 0.10000000000000142, 0.018000000000000682, 0.019999999999999574, 0.08999999999999986, 0.10500000000000043, -0.10999999999999943, 0.05000000000000071]","[0.6020469596628623, 1.616766467065866, 0.9031877213695317, 0.8182349503214528, 0.5730659025788047, 0.10362694300518527, 0.11547344110854256, 0.5477784540474733, 0.6355932203389856, -0.6594724220623467, 0.30674846625767305]",2024-01-31 05:54:16
GSPY,ALGO_TRIPLE_SCREEN_CGPT,7,6,1,0.8646,0.0963,1.8571,0.3640,0.15671641791044044,0.8571428571428571,2024-01-29 18:00:00+00:00,6,TRIPLE_SCREEN_CGPT_1H_STOCK_RESULTS,"[2024-01-16T16:00:00+00:00, 2024-01-18T21:00:00+00:00, 2024-01-19T21:00:00+00:00, 2024-01-22T16:00:00+00:00, 2024-01-24T19:00:00+00:00, 2024-01-25T21:00:00+00:00, 2024-01-29T16:00:00+00:00]","[2024-01-16T19:00:00+00:00, 2024-01-19T19:00:00+00:00, 2024-01-22T15:00:00+00:00, 2024-01-24T18:00:00+00:00, 2024-01-25T20:00:00+00:00, 2024-01-29T15:00:00+00:00, 2024-01-29T18:00:00+00:00]","[2.0, 1.0, 1.0, 3.0, 2.0, 3.0, 1.0]","[-0.05000000000000071, 0.2699999999999996, 0.134999999999998, 0.21699999999999875, 0.030000000000001137, 0.030000000000001137, 0.04199999999999804]","[-0.19179133103184007, 1.0309278350515447, 0.5099150141642984, 0.8176029539203449, 0.11227544910180068, 0.11206574523721007, 0.15671641791044044]",2024-01-31 05:20:21
EIPX,ALGO_TRIPLE_SCREEN_CGPT,8,7,1,0.776,0.0641,3.2500,0.3032,0.3850282602890315,0.875,2024-01-30 18:00:00+00:00,5,TRIPLE_SCREEN_CGPT_1H_STOCK_RESULTS,"[2024-01-02T17:00:00+00:00, 2024-01-03T18:00:00+00:00, 2024-01-03T21:00:00+00:00, 2024-01-04T17:00:00+00:00, 2024-01-25T20:00:00+00:00, 2024-01-26T17:00:00+00:00, 2024-01-29T15:00:00+00:00, 2024-01-29T20:00:00+00:00, 2024-01-30T19:00:00+00:00]","[2024-01-03T17:00:00+00:00, 2024-01-03T20:00:00+00:00, 2024-01-04T16:00:00+00:00, 2024-01-04T20:00:00+00:00, 2024-01-26T15:00:00+00:00, 2024-01-26T21:00:00+00:00, 2024-01-29T19:00:00+00:00, 2024-01-30T18:00:00+00:00]","[7.0, 2.0, 2.0, 3.0, 2.0, 2.0, 3.0, 5.0]","[0.10500000000000043, 0.0799999999999983, 0.08000000000000185, -0.14000000000000057, 0.08400000000000318, 0.13400000000000034, 0.10999999999999943, 0.060000000000002274]","[0.4906542056074787, 0.37157454714351273, 0.3705419175544319, -0.6469500924214444, 0.3984819734345503, 0.6357942683621196, 0.5225653206650804, 0.28275212064091554]",2024-01-31 05:12:27
QARP,ALGO_TRIPLE_SCREEN_CGPT,6,6,0,0.9998,0.1305,5.6667,0.2899,0.16340916562639315,1.0,2024-01-29 18:00:00+00:00,6,TRIPLE_SCREEN_CGPT_1H_STOCK_RESULTS,"[2024-01-10T15:00:00+00:00, 2024-01-16T16:00:00+00:00, 2024-01-19T17:00:00+00:00, 2024-01-22T20:00:00+00:00, 2024-01-24T20:00:00+00:00, 2024-01-25T21:00:00+00:00, 2024-01-29T20:00:00+00:00]","[2024-01-16T15:00:00+00:00, 2024-01-16T21:00:00+00:00, 2024-01-22T18:00:00+00:00, 2024-01-24T16:00:00+00:00, 2024-01-25T17:00:00+00:00, 2024-01-29T18:00:00+00:00]","[12.0, 2.0, 4.0, 10.0, 2.0, 4.0]","[0.0799999999999983, 0.00999999999999801, 0.31099999999999994, 0.2950000000000017, 0.020000000000003126, 0.06700000000000017]","[0.1795332136445204, 0.022426553038793474, 0.6931134388232671, 0.652799291878738, 0.04412089124200999, 0.1472851176082659]",2024-01-31 05:41:11
QPFF,ALGO_TRIPLE_SCREEN_CGPT,8,7,1,0.9455,0.1011,6.6250,0.2798,0.33718701282327,0.875,2024-01-29 18:00:00+00:00,6,TRIPLE_SCREEN_CGPT_1H_STOCK_RESULTS,"[2024-01-05T20:00:00+00:00, 2024-01-09T15:00:00+00:00, 2024-01-10T19:00:00+00:00, 2024-01-12T21:00:00+00:00, 2024-01-19T21:00:00+00:00, 2024-01-23T15:00:00+00:00, 2024-01-25T20:00:00+00:00, 2024-01-26T16:00:00+00:00]","[2024-01-08T21:00:00+00:00, 2024-01-10T18:00:00+00:00, 2024-01-12T20:00:00+00:00, 2024-01-16T19:00:00+00:00, 2024-01-22T21:00:00+00:00, 2024-01-25T19:00:00+00:00, 2024-01-25T21:00:00+00:00, 2024-01-29T18:00:00+00:00]","[7.0, 5.0, 11.0, 3.0, 5.0, 14.0, 1.0, 7.0]","[0.17999999999999972, 0.14300000000000068, 0.10000000000000142, -0.08500000000000085, 0.240000000000002, 0.19000000000000483, 0.01099999999999568, 0.030000000000001137]","[0.5025125628140695, 0.39736571539722865, 0.27700831024931144, -0.234482758620692, 0.6633499170812659, 0.5214050493962811, 0.029965403579491894, 0.08161044613710865]",2024-01-31 05:41:28
VALQ,ALGO_TRIPLE_SCREEN_CGPT,10,9,1,0.9792,0.1280,3.5000,0.2376,0.14891347128678212,0.9,2024-01-29 15:00:00+00:00,6,TRIPLE_SCREEN_CGPT_1H_STOCK_RESULTS,"[2024-01-09T19:00:00+00:00, 2024-01-10T17:00:00+00:00, 2024-01-11T21:00:00+00:00, 2024-01-12T16:00:00+00:00, 2024-01-19T18:00:00+00:00, 2024-01-22T18:00:00+00:00, 2024-01-24T21:00:00+00:00, 2024-01-25T17:00:00+00:00, 2024-01-25T21:00:00+00:00, 2024-01-26T18:00:00+00:00, 2024-01-30T19:00:00+00:00]","[2024-01-10T15:00:00+00:00, 2024-01-11T20:00:00+00:00, 2024-01-12T15:00:00+00:00, 2024-01-16T21:00:00+00:00, 2024-01-22T16:00:00+00:00, 2024-01-24T17:00:00+00:00, 2024-01-25T15:00:00+00:00, 2024-01-25T19:00:00+00:00, 2024-01-26T16:00:00+00:00, 2024-01-29T15:00:00+00:00]","[3.0, 6.0, 1.0, 8.0, 3.0, 7.0, 1.0, 1.0, 2.0, 3.0]","[0.07000000000000028, 0.18499999999999517, 0.020000000000003126, -0.054999999999999716, 0.25499999999999545, 0.3100000000000023, 0.09000000000000341, 0.07000000000000028, 0.3149999999999977, 0.01999999999999602]","[0.13205055649877434, 0.3485633537446918, 0.037446171129007916, -0.10310244633986262, 0.47424214245861157, 0.574499629355082, 0.16577638607478987, 0.12922281705741237, 0.5807522123893764, 0.036730945821847605]",2024-01-31 05:53:36
